# Created by Octave 3.8.2, Sat Oct 25 15:40:27 2014 Central Daylight Time <unknown@MyPC>
# name: ffNN_file
# type: class
# classname: class_ffNN
# length: 7
# name: costFuncType
# type: cell
# rows: 1
# columns: 1
# name: <cell-element>
# type: sq_string
# elements: 1
# length: 4
CE-L





# name: inputDimSizes_perCase
# type: cell
# rows: 1
# columns: 1
# name: <cell-element>
# type: scalar
27





# name: numTransforms
# type: cell
# rows: 1
# columns: 1
# name: <cell-element>
# type: scalar
1





# name: numWeights
# type: cell
# rows: 1
# columns: 1
# name: <cell-element>
# type: scalar
28





# name: transformFuncs
# type: cell
# rows: 1
# columns: 1
# name: <cell-element>
# type: cell
# rows: 1
# columns: 1
# name: <cell-element>
# type: sq_string
# elements: 1
# length: 8
logistic








# name: weightDimSizes
# type: cell
# rows: 1
# columns: 1
# name: <cell-element>
# type: cell
# rows: 1
# columns: 1
# name: <cell-element>
# type: matrix
# rows: 1
# columns: 2
 28 1








# name: weights
# type: cell
# rows: 1
# columns: 1
# name: <cell-element>
# type: cell
# rows: 1
# columns: 1
# name: <cell-element>
# type: matrix
# rows: 28
# columns: 1
 3.420190979773357
 2.156694184551301
 3.915241219719336
 -4.961954029548799
 -5.050008110305829
 -5.820606056983458
 1.285542593612329
 -1.109903748207831
 0.4272114625606442
 -1.250604258079125
 -4.030891802199593
 1.616148587439825
 -2.57952444531834
 -1.891102871437228
 -3.809527079509937
 -1.027997675777732
 -0.4635735824296682
 1.995215757680201
 -2.105624598561892
 -2.104043794156483
 0.8038003325487609
 -3.801878362552397
 0.9012823948711043
 -0.9085516100240887
 1.183147705421465
 -2.121755934703832
 -1.919725930631037
 -0.5120958995593529










