# Created by Octave 3.8.2, Sat Nov 22 23:11:16 2014 Central Standard Time <unknown@MBALearnsToCode>
# name: ffNN_file
# type: class
# classname: class_ffNN
# length: 10
# name: costFuncType
# type: cell
# rows: 1
# columns: 1
# name: <cell-element>
# type: sq_string
# elements: 1
# length: 4
CE-S





# name: func_convertInput
# type: cell
# rows: 1
# columns: 1
# name: <cell-element>
# type: sq_string
# elements: 1
# length: 17
pokerHands_expand





# name: inputDimSizes_perCase
# type: cell
# rows: 1
# columns: 1
# name: <cell-element>
# type: scalar
85





# name: normalizeDivide
# type: cell
# rows: 1
# columns: 1
# name: <cell-element>
# type: scalar
1





# name: normalizeSubtract
# type: cell
# rows: 1
# columns: 1
# name: <cell-element>
# type: scalar
0





# name: numTransforms
# type: cell
# rows: 1
# columns: 1
# name: <cell-element>
# type: scalar
2





# name: numWeights
# type: cell
# rows: 1
# columns: 1
# name: <cell-element>
# type: scalar
2890





# name: transformFuncs
# type: cell
# rows: 1
# columns: 1
# name: <cell-element>
# type: cell
# rows: 1
# columns: 2
# name: <cell-element>
# type: sq_string
# elements: 1
# length: 4
tanh



# name: <cell-element>
# type: sq_string
# elements: 1
# length: 7
softmax








# name: weightDimSizes
# type: cell
# rows: 1
# columns: 1
# name: <cell-element>
# type: cell
# rows: 1
# columns: 2
# name: <cell-element>
# type: matrix
# rows: 1
# columns: 2
 86 30



# name: <cell-element>
# type: matrix
# rows: 1
# columns: 2
 31 10








# name: weights
# type: cell
# rows: 1
# columns: 1
# name: <cell-element>
# type: cell
# rows: 1
# columns: 2
# name: <cell-element>
# type: matrix
# rows: 86
# columns: 30
 4.564736627133285 -6.700119625154833 1.279915135315612 2.338781103377427 -6.432789435437366 -4.648305742718461 -6.410410314037883 -0.5264337697894106 -5.65145477125844 -5.982437454876736 -4.143388551339383 3.194986752851056 -5.026495889207497 7.1372299078453 -0.6762840952546237 -3.910115564682306 6.448273573493897 4.766366857544214 -1.883185371055012 6.891992048645025 6.39168647668463 9.64240391854548 -3.15433425926834 6.437544511018424 -5.401935299540471 6.333407430236436 2.571060584152137 1.917785608960582 2.914744254658697 -10.01494562035668
 -3.982564219910873 2.608008044900484 -3.795098162431243 -0.6996418473490196 2.625349172770695 2.734621893675457 2.773615300658558 3.004862085541168 4.762772600258185 2.732329049898701 1.634620868408882 -0.7165454385354373 1.575135011230171 2.568095477087316 3.119433622103284 1.547663237871901 -2.359561095714491 -2.707464551518132 1.159926797745774 -17.97491789200004 -2.186926734703017 -1.968502666022223 5.762915952491676 4.019024803249482 2.394975135409519 -2.549219122783023 -0.7083119873502303 0.1405412847690249 -1.069253210902964 5.896412154055319
 -0.9766221071183419 2.485073694192442 -4.021898863367331 -3.105313376757645 2.474133033332758 2.906499653004642 3.065114185031721 4.465080753455872 4.125854157001205 2.30291925308615 1.420825154093278 -23.99134635343928 1.648007858008945 6.325206010628493 4.590884896553316 1.247105667450363 -7.989387955323401 -2.653535649191479 -3.032692666801826 -2.509058219728785 -1.709075707072565 -1.688002354253937 6.760336467679371 -0.1884702354893975 2.192055792016375 -2.619481394136784 -0.387106128129091 -1.143740788114156 -1.072275667847901 5.433491585006875
 -4.309419753920362 1.647721472780106 -3.152598687761206 -2.42619572652243 2.645871011238028 2.585339221887814 2.998995944687207 2.226066720556708 3.816794962366595 0.5657234002246138 10.71285668577511 -1.527861520404361 1.69176481770791 4.912445696356112 2.246207671865679 5.713855448656047 -2.528109005802587 -2.698434308520891 1.119968866698504 -2.365714449799773 -1.423508468114316 -2.015160558994008 1.321359357451215 0.4361340199283938 9.638401394172813 -2.6024978190385 -1.157013664690683 -0.5686898139309664 -1.26432918710833 1.039311405895111
 -1.986239388994962 22.6605353108744 -3.888618889531139 -0.5206993679758262 2.611292810842044 2.874076140635949 2.796875725845998 3.552540662570099 4.131754413232291 2.605155867158022 1.515547308191086 -0.926151361820936 1.859997743701832 5.348239963151207 3.579939569084843 1.642396450991539 -2.865479120502396 -2.805502165519681 1.305446272967823 -2.274855510972594 -1.761051655686833 -7.930411288780268 2.22538685384049 2.321475438584749 2.404649085621973 -2.498196950318108 -4.37106896294693 0.2263586249783834 -1.115309022051397 0.7129089290234764
 -5.020154394299401 2.539444375886549 -4.085008048565963 -0.1406653944408957 2.490762216015241 2.430200908642157 3.08111009920789 3.652434970463569 0.7499231058343531 2.673887644155987 1.580184910276843 -0.8117925292892636 1.702578478616694 6.219712612655795 3.763132432655926 1.146311756165387 -5.54658464590182 -3.178322995959483 -2.381881577632228 1.86415155683385 -5.40827445238203 -2.018937110144439 2.245837175429389 8.035310298284884 2.707467150864134 -2.127018867922925 -0.2576949562703657 -0.8166489020893299 -24.47009164449479 4.148953444083267
 -1.975713972151968 2.371764487829702 -3.84960404469464 -1.644993385554936 2.458657629540268 2.864593554742493 15.2348970771257 3.717468885777138 1.672223129146859 2.433898112265756 1.720176567116787 -0.8756575281014684 1.940258483635223 3.020428317074908 3.87386254976859 1.522105505561598 -2.796540899646642 -2.459353928954492 1.330949849461809 -2.278391044220119 -2.028370041223249 -7.498392707352949 1.901821888986971 2.426305962736314 1.991755076791916 -2.500277027103011 -0.7813442113202288 -0.1275040696625563 -1.221059762195075 0.9705915207031254
 -4.10063240030737 2.723487270615614 -3.536929607891278 -2.049326953163249 2.557329410091719 3.083996060041835 2.795915633940365 3.236822089673514 1.550240275841791 2.514887289312726 1.489445943879399 -0.7835800593668313 1.635295234748771 -7.735788921296511 3.396174528860743 1.422632350049062 -2.705925529638376 -2.536583798133162 1.262654771167378 -2.365235403155727 -2.237363164218551 -9.174378916623439 1.349895646784561 1.123514191519955 2.20783769624796 -2.516884615254205 -0.1313471144603365 0.01053322630336676 -1.229595929788801 5.512139120824441
 -4.137855221125325 2.281497232158276 -4.081454251214646 -2.437463331510021 2.397871791588761 2.55433612630203 0.3553116530969331 3.634990845423879 0.7442259502503518 2.698378411932254 0.3181908344479273 -0.9312950180478086 4.594603468040617 2.413226059679793 3.560024640763158 0.9324055551345211 -2.570996080523638 -2.79220583381669 -3.86246601974503 -2.443014653832619 -1.857017522899386 -2.029208971350311 0.8357609134930379 4.298089989720546 2.08608950477621 -2.679720665388194 -7.57583461981812 -13.01094979963926 -0.8784455815366063 3.95924308620215
 -1.886629614845764 2.646348844232246 -3.292156006370286 -0.5303899934725373 1.59688013718216 2.493343551561007 3.103449328440205 3.540412248156519 3.911385894020113 2.682620435356801 0.3692233593796487 -4.263227626721699 5.201886408660838 6.138155218540391 3.645490787371683 12.98094762531261 -1.178250505708733 -2.801581883844678 1.150564020157985 -2.550424990156701 -19.87725143879898 -3.677494875845786 -1.068699733058465 9.740740781950098 1.624563882091832 -2.391485865249933 -0.7372428095039949 -1.047528356601158 -1.036638560625601 5.456051838404668
 -1.059045526642238 2.765859559459462 -3.922253145579967 -1.03312617538606 2.453624203874807 2.817455209725308 2.785695936077651 3.062492274527995 1.359052992767975 13.64432826988272 1.50288260450489 -1.034670824994891 1.617668262665787 3.957674284746922 3.069658464623968 1.812869114081754 -2.440212078387735 -2.72718418775784 0.4145159596477069 -2.452001493427075 -2.334953762615837 -6.804044713137266 1.085844815974382 4.006690839341907 2.685820653936598 -2.589745159887824 -0.3991526222161901 -0.1532310987182621 -1.572506979683664 5.750896356413964
