# Created by Octave 3.8.2, Tue Nov 11 14:14:15 2014 Central Standard Time <unknown@MBALearnsToCode>
# name: ffNN_file
# type: class
# classname: class_ffNN
# length: 9
# name: costFuncType
# type: cell
# rows: 1
# columns: 1
# name: <cell-element>
# type: sq_string
# elements: 1
# length: 4
CE-L





# name: inputDimSizes_perCase
# type: cell
# rows: 1
# columns: 1
# name: <cell-element>
# type: scalar
54





# name: normalizeDivide
# type: cell
# rows: 1
# columns: 1
# name: <cell-element>
# type: scalar
1





# name: normalizeSubtract
# type: cell
# rows: 1
# columns: 1
# name: <cell-element>
# type: scalar
0





# name: numTransforms
# type: cell
# rows: 1
# columns: 1
# name: <cell-element>
# type: scalar
1





# name: numWeights
# type: cell
# rows: 1
# columns: 1
# name: <cell-element>
# type: scalar
55





# name: transformFuncs
# type: cell
# rows: 1
# columns: 1
# name: <cell-element>
# type: cell
# rows: 1
# columns: 1
# name: <cell-element>
# type: sq_string
# elements: 1
# length: 8
logistic








# name: weightDimSizes
# type: cell
# rows: 1
# columns: 1
# name: <cell-element>
# type: cell
# rows: 1
# columns: 1
# name: <cell-element>
# type: matrix
# rows: 1
# columns: 2
 55 1








# name: weights
# type: cell
# rows: 1
# columns: 1
# name: <cell-element>
# type: cell
# rows: 1
# columns: 1
# name: <cell-element>
# type: matrix
# rows: 55
# columns: 1
 0.1111288409556476
 -0.02052802183073873
 0.05374547760683455
 -0.1475632780146306
 -0.03719705812098824
 -0.08262611542439603
 -0.03862600795173211
 -0.01270117318399275
 -0.02705774668393985
 -0.02993747358052484
 -0.1104873398334076
 -0.0008915834970630889
 -0.04070367571472776
 -0.01324993501006967
 -0.08174717099936066
 -0.05294633479471124
 -0.009316768090589157
 -0.0081314509957741
 -0.014049563746488
 -0.0235855777711237
 -0.04945540217698471
 -0.08682604090589544
 -0.0001206765837234907
 -0.01849771910605985
 3.286907788207544e-005
 -0.02332461113929655
 -0.009441133951254449
 -0.0727380975313294
 -0.0574953365854514
 -0.006772611901438316
 -0.005239173903964067
 -0.004960904579920026
 -0.005958828441281818
 -0.01192349664839827
 -0.01628553564035623
 -0.05218085901063479
 -0.07391261102290406
 -0.001759229573924273
 -0.009552870473288649
 0.0004490175222400717
 -0.008575156563430697
 -0.001152307347807088
 -0.01557918932854913
 -0.006934107645011748
 -0.06302719209730613
 -0.05881290250006816
 -0.005894219427105863
 -0.00389514147384624
 -0.001784639990607924
 -0.002616074280335418
 -0.003872916169541821
 -0.003920584664365818
 -0.009595759957933979
 -0.01072915180847905
 -0.04955621284330992










