# Created by Octave 3.8.2, Sun Nov 16 21:13:00 2014 Central Standard Time <unknown@MBALearnsToCode>
# name: ffNN_file
# type: class
# classname: class_ffNN
# length: 10
# name: costFuncType
# type: cell
# rows: 1
# columns: 1
# name: <cell-element>
# type: sq_string
# elements: 1
# length: 4
CE-L





# name: func_convertInput
# type: cell
# rows: 1
# columns: 1
# name: <cell-element>
# type: sq_string
# elements: 1
# length: 4
self





# name: inputDimSizes_perCase
# type: cell
# rows: 1
# columns: 1
# name: <cell-element>
# type: scalar
54





# name: normalizeDivide
# type: cell
# rows: 1
# columns: 1
# name: <cell-element>
# type: scalar
1





# name: normalizeSubtract
# type: cell
# rows: 1
# columns: 1
# name: <cell-element>
# type: scalar
0





# name: numTransforms
# type: cell
# rows: 1
# columns: 1
# name: <cell-element>
# type: scalar
1





# name: numWeights
# type: cell
# rows: 1
# columns: 1
# name: <cell-element>
# type: scalar
55





# name: transformFuncs
# type: cell
# rows: 1
# columns: 1
# name: <cell-element>
# type: cell
# rows: 1
# columns: 1
# name: <cell-element>
# type: sq_string
# elements: 1
# length: 8
logistic








# name: weightDimSizes
# type: cell
# rows: 1
# columns: 1
# name: <cell-element>
# type: cell
# rows: 1
# columns: 1
# name: <cell-element>
# type: matrix
# rows: 1
# columns: 2
 55 1








# name: weights
# type: cell
# rows: 1
# columns: 1
# name: <cell-element>
# type: cell
# rows: 1
# columns: 1
# name: <cell-element>
# type: matrix
# rows: 55
# columns: 1
 0.1111288221235401
 -0.0205280262873841
 0.05374545938909431
 -0.147563287592759
 -0.03719705812774231
 -0.08262613239426647
 -0.03862601201049831
 -0.01270117604155854
 -0.02705774718626385
 -0.02993748655056024
 -0.1104873451727692
 -0.0008915840049313895
 -0.0407036782613289
 -0.01324993477657922
 -0.08174718303714197
 -0.05294633824812107
 -0.009316769156710382
 -0.008131451552550791
 -0.01404956537031454
 -0.02358557772148758
 -0.04945541236863368
 -0.08682604484136587
 -0.0001206769823738333
 -0.01849771996654903
 3.28688804759197e-005
 -0.02332461264245557
 -0.009441133606128747
 -0.07273810700859644
 -0.05749533974894028
 -0.006772612489403454
 -0.005239174234668469
 -0.004960905035150399
 -0.005958828674887204
 -0.01192349780505774
 -0.01628553537152853
 -0.05218086741211405
 -0.07391261442326923
 -0.001759229914462487
 -0.00955287086961629
 0.000449017404783992
 -0.008575156984992763
 -0.001152307460328526
 -0.01557919039834638
 -0.006934107238106968
 -0.06302719993901881
 -0.05881290558115871
 -0.005894219855419445
 -0.003895141680755005
 -0.001784640158380065
 -0.002616074410980442
 -0.003872916468491645
 -0.003920584786871446
 -0.009595760845145363
 -0.01072915143619031
 -0.04955621997580115










