# Created by Octave 3.8.2, Mon Nov 17 14:29:17 2014 Central Standard Time <unknown@MBALearnsToCode>
# name: ffNN_file
# type: class
# classname: class_ffNN
# length: 10
# name: costFuncType
# type: cell
# rows: 1
# columns: 1
# name: <cell-element>
# type: sq_string
# elements: 1
# length: 4
CE-L





# name: func_convertInput
# type: cell
# rows: 1
# columns: 1
# name: <cell-element>
# type: sq_string
# elements: 1
# length: 4
self





# name: inputDimSizes_perCase
# type: cell
# rows: 1
# columns: 1
# name: <cell-element>
# type: scalar
54





# name: normalizeDivide
# type: cell
# rows: 1
# columns: 1
# name: <cell-element>
# type: scalar
1





# name: normalizeSubtract
# type: cell
# rows: 1
# columns: 1
# name: <cell-element>
# type: scalar
0





# name: numTransforms
# type: cell
# rows: 1
# columns: 1
# name: <cell-element>
# type: scalar
1





# name: numWeights
# type: cell
# rows: 1
# columns: 1
# name: <cell-element>
# type: scalar
55





# name: transformFuncs
# type: cell
# rows: 1
# columns: 1
# name: <cell-element>
# type: cell
# rows: 1
# columns: 1
# name: <cell-element>
# type: sq_string
# elements: 1
# length: 8
logistic








# name: weightDimSizes
# type: cell
# rows: 1
# columns: 1
# name: <cell-element>
# type: cell
# rows: 1
# columns: 1
# name: <cell-element>
# type: matrix
# rows: 1
# columns: 2
 55 1








# name: weights
# type: cell
# rows: 1
# columns: 1
# name: <cell-element>
# type: cell
# rows: 1
# columns: 1
# name: <cell-element>
# type: matrix
# rows: 55
# columns: 1
 0.11112882660537
 -0.02052802459092545
 0.0537454663572788
 -0.1475632832146697
 -0.03719705822778738
 -0.08262612526481493
 -0.03862601039926334
 -0.01270117493569141
 -0.02705774693826345
 -0.02993748153732362
 -0.1104873428381926
 -0.0008915838373885543
 -0.04070367718014738
 -0.01324993490053981
 -0.08174717818751914
 -0.0529463368736863
 -0.009316768741419297
 -0.008131451320603427
 -0.01404956474313066
 -0.02358557770821169
 -0.04945540842786626
 -0.08682604319185049
 -0.0001206768429849265
 -0.01849771960002545
 3.28689487063734e-005
 -0.02332461203190232
 -0.009441133752368885
 -0.07273810326738982
 -0.05749533849796587
 -0.006772612260917666
 -0.005239174099104597
 -0.004960904858973776
 -0.005958828576558509
 -0.01192349735928292
 -0.01628553545727989
 -0.05218086416895659
 -0.07391261304473323
 -0.001759229791784004
 -0.009552870700850086
 0.0004490174466532454
 -0.008575156813029375
 -0.001152307420231603
 -0.01557918997324249
 -0.006934107399705627
 -0.06302719687850204
 -0.05881290437426232
 -0.005894219690241784
 -0.003895141596059463
 -0.001784640093367302
 -0.002616074357705956
 -0.003872916353611868
 -0.003920584735604051
 -0.009595760503324183
 -0.01072915156933508
 -0.0495562172283104










