# Created by Octave 3.8.2, Mon Nov 17 00:00:19 2014 Central Standard Time <unknown@MBALearnsToCode>
# name: ffNN_file
# type: class
# classname: class_ffNN
# length: 10
# name: costFuncType
# type: cell
# rows: 1
# columns: 1
# name: <cell-element>
# type: sq_string
# elements: 1
# length: 4
CE-L





# name: func_convertInput
# type: cell
# rows: 1
# columns: 1
# name: <cell-element>
# type: sq_string
# elements: 1
# length: 4
self





# name: inputDimSizes_perCase
# type: cell
# rows: 1
# columns: 1
# name: <cell-element>
# type: scalar
256





# name: normalizeDivide
# type: cell
# rows: 1
# columns: 1
# name: <cell-element>
# type: scalar
1





# name: normalizeSubtract
# type: cell
# rows: 1
# columns: 1
# name: <cell-element>
# type: scalar
0





# name: numTransforms
# type: cell
# rows: 1
# columns: 1
# name: <cell-element>
# type: scalar
2





# name: numWeights
# type: cell
# rows: 1
# columns: 1
# name: <cell-element>
# type: scalar
259





# name: transformFuncs
# type: cell
# rows: 1
# columns: 1
# name: <cell-element>
# type: cell
# rows: 1
# columns: 2
# name: <cell-element>
# type: sq_string
# elements: 1
# length: 4
tanh



# name: <cell-element>
# type: sq_string
# elements: 1
# length: 8
logistic








# name: weightDimSizes
# type: cell
# rows: 1
# columns: 1
# name: <cell-element>
# type: cell
# rows: 1
# columns: 2
# name: <cell-element>
# type: matrix
# rows: 1
# columns: 2
 257 1



# name: <cell-element>
# type: matrix
# rows: 1
# columns: 2
 2 1








# name: weights
# type: cell
# rows: 1
# columns: 1
# name: <cell-element>
# type: cell
# rows: 1
# columns: 2
# name: <cell-element>
# type: matrix
# rows: 257
# columns: 1
 -0.0998006480700942
 -0.0005844483928867217
 -0.008605935332976457
 -0.01187760408805369
 -0.007703647371101315
 -0.007369759435407682
 -0.003475448979924255
 -0.001335841207533969
 0.0008143982931484316
 0.007677932774997856
 0.01519339509794513
 0.02128830185494648
 0.02278493083100422
 0.01778892569765805
 0.001686144432919656
 -0.01181985321929525
 -0.009003532050471885
 -0.01219983689845769
 -0.04228815822999929
 -0.03754098427220262
 -0.02770287111178046
 -0.02134047407021043
 -0.01137988191969808
 0.003889819041356533
 0.02550455236373979
 0.05797666937921034
 0.08834740737586
 0.1002340346369649
 0.1262808081642623
 0.1124579578179637
 0.05501721351897753
 0.003218127346762412
 -0.01863042804386055
 -0.02689384402387348
 -0.07060359836084967
 -0.06058486333208306
 -0.04114347901387765
 -0.02298315670230002
 -0.01318688760274175
 0.0002925348554112684
 0.02545277179435452
 0.0568868395729133
 0.07966863797068459
 0.1063455140825969
 0.1146110084062415
 0.106577237195613
 0.04698675321255663
 -0.006832062224965445
 -0.007016506239055751
 -0.03509992281024527
 -0.09079014794948911
 -0.07205800694062045
 -0.04798943543959201
 -0.03059595220673586
 -0.02138710988855469
 -0.01327582370567079
 0.01007040659945289
 0.02491256991515885
 0.059043193731045
 0.05363449419667496
 0.0519479595507031
 0.0664198301271285
 0.0308509026392344
 0.008939700475080949
 0.01387161626219077
 -0.04362046501205404
 -0.1137426189083163
 -0.08891193755595457
 -0.04633179300565847
 -0.02853992775889612
 -0.02464840917441382
 -0.01647490938254669
 -0.00895263865690348
 0.01652825141637508
 0.02382067831407143
 0.01762366457204205
 0.03770782520412099
 0.0617757784571308
 0.02579055658429186
 0.007498031598914948
 0.03145203362971695
 -0.05328360431162902
 -0.1310396798695532
 -0.0902922660578231
 -0.04989476814463052
 -0.03426830394309387
 -0.02948191661761772
 -0.01983416585787631
 0.0007157628233663647
 0.01252444641027064
 -0.009755085601569327
 0.004887815325642416
 0.05618010238739762
 0.06547671175975005
 0.03753514046964102
 0.02602444115218852
 0.05006581569252921
 -0.05321312719699862
 -0.1333350745685781
 -0.09549844525095216
 -0.06062319627434778
 -0.03465736442016842
 -0.01547100523874538
 -0.0115785011899696
 0.001997692662118904
 -0.005067346483655823
 -0.01331923119335142
 0.006994693870216217
 0.04684409959821413
 0.05607025410696655
 0.0308393821767894
 0.05540594722931232
 0.0505707826321681
 -0.04587777654362395
 -0.1306668041233408
 -0.09895834548133521
 -0.0615674164588299
 -0.02414103537512899
 -0.01743515008183239
 -0.01156194666648922
 -0.02287634626660651
 -0.01597963310552867
 0.005771910317030992
 0.03569445339553193
 0.05451455465568281
 0.03534603002881961
 0.0235311030421789
 0.06690042267559541
 0.04475863270407904
 -0.04107989122561802
 -0.1326910736737123
 -0.09751681113015273
 -0.06607248342085079
 -0.03886240926394545
 -0.0182995821659824
 -0.02484298336706877
 -0.0388281543462174
 -0.01594675331592978
 0.02108974407053032
 0.04285162642203354
 0.04591274966983633
 0.02471828128158458
 0.02473244327282227
 0.06981649065631299
 0.04303618964914476
 -0.04412679090735666
 -0.129736357987892
 -0.0942075372915399
 -0.06989609627642994
 -0.0425787793704127
 -0.02409991482011974
 -0.05127611766014014
 -0.0572393689807084
 -0.01181483712331978
 0.01767180015582031
 0.03859253986638581
 0.04016876678400043
 0.01604586193999848
 0.02297026330551777
 0.04012619403512939
 0.03042519308919121
 -0.04874483363833317
 -0.1211770914506957
 -0.09740845235294
 -0.06975646363141498
 -0.03408883242839387
 -0.05510099264162197
 -0.08808533599175963
 -0.05152752278642936
 0.0009827497233887324
 0.01891854056241442
 0.0369270461082839
 0.01914361886824767
 0.01271398211108182
 0.00464193167175341
 0.02169950957466316
 0.0223457038477823
 -0.04349055392730657
 -0.1120303768692665
 -0.09980429471775221
 -0.05707900698671536
 -0.06486785656704613
 -0.1047019824837189
 -0.08691370752578803
 -0.04638556118054957
 0.007307442001526368
 0.02314936907201603
 0.04268705524211885
 0.03408035784994545
 0.01636178477671525
 -0.00183910786774277
 0.01675829787098237
 0.006054881801890673
 -0.0387930887842746
 -0.09506794721189663
 -0.07744610353199502
 -0.08909156451216256
 -0.1260828802548999
 -0.1154121349583635
 -0.06875948714967671
 -0.05535874670090089
 -0.00864071614452808
 0.00778756276156937
 0.04182344410736817
 0.04741447388055096
 0.02072253095309674
 -5.87142928266237e-005
 0.01348996947987899
 -0.01374652958873459
 -0.01139056627671706
 -0.0766874477788474
 -0.09195891766190722
 -0.1414397652811851
 -0.1665231330327648
 -0.1344267224163826
 -0.089784931651684
 -0.06724062209123259
 -0.01669413180665464
 0.01399461458370683
 0.06143278542240045
 0.05943574500142661
 0.03487289264619961
 0.008524064764793586
 -0.01287597484243903
 -0.02321566184841491
 0.004192317446838011
 -0.06441961337561425
 -0.1279929476799702
 -0.1548493894233994
 -0.1655782533956365
 -0.1316716529149911
 -0.08264278860301498
 -0.02785934714961747
 0.03724857285060428
 0.08052841550162806
 0.09714626376591537
 0.07914269906165038
 0.04392599547763051
 0.002653848832022653
 -0.04840971616968389
 -0.0252129642035602
 -0.0009746883213390817
 -0.03359048303121246
 -0.06195043308681736
 -0.06397468439098974
 -0.05860548606143525
 -0.0390014011301135
 -0.01172825273767821
 0.01057169905981853
 0.02636061699391497
 0.03320765751373337
 0.04006343884236099
 0.03289941503967818
 0.01277094733461056
 -0.01685990886146927
 -0.02847476334120281
 -0.01009848796622417



# name: <cell-element>
# type: matrix
# rows: 2
# columns: 1
 0.1711966677222632
 4.03831000718975










