# Created by Octave 3.8.2, Thu Oct 23 13:18:31 2014 Central Daylight Time <unknown@MyPC>
# name: ffNN_file
# type: class
# classname: class_ffNN
# length: 7
# name: costFuncType
# type: cell
# rows: 1
# columns: 1
# name: <cell-element>
# type: sq_string
# elements: 1
# length: 4
CE-L





# name: inputDimSizes_perCase
# type: cell
# rows: 1
# columns: 1
# name: <cell-element>
# type: scalar
6





# name: numTransforms
# type: cell
# rows: 1
# columns: 1
# name: <cell-element>
# type: scalar
2





# name: numWeights
# type: cell
# rows: 1
# columns: 1
# name: <cell-element>
# type: scalar
97





# name: transformFuncs
# type: cell
# rows: 1
# columns: 1
# name: <cell-element>
# type: cell
# rows: 1
# columns: 2
# name: <cell-element>
# type: sq_string
# elements: 1
# length: 8
logistic



# name: <cell-element>
# type: sq_string
# elements: 1
# length: 8
logistic








# name: weightDimSizes
# type: cell
# rows: 1
# columns: 1
# name: <cell-element>
# type: cell
# rows: 1
# columns: 2
# name: <cell-element>
# type: matrix
# rows: 1
# columns: 2
 7 12



# name: <cell-element>
# type: matrix
# rows: 1
# columns: 2
 13 1








# name: weights
# type: cell
# rows: 1
# columns: 1
# name: <cell-element>
# type: cell
# rows: 1
# columns: 2
# name: <cell-element>
# type: matrix
# rows: 7
# columns: 12
 0.5405795855986665 0.5382556262532564 0.540812365574792 0.5393956375943229 0.5461605439621935 0.5394575793848003 0.5424278501664869 0.5389064887130549 0.5449617375970537 0.5405631112497425 0.5426021772931992 0.5439252673665184
 0.0843764481648317 0.08125042714838294 0.08374804911325241 0.08111012506787667 0.08364834895767932 0.08338737556785777 0.08401677143052438 0.08312465323473439 0.08423798794118996 0.08345348779937864 0.08534488194178633 0.08247366374138952
 0.08259431266757851 0.08371419336140765 0.08339991161872556 0.08240204101376131 0.08416451002831131 0.08337416389285994 0.08300066380027958 0.08307343141467527 0.08384475926561515 0.08369772845431203 0.08481207420052365 0.08432971817616557
 0.5303694721248307 0.5280728197902629 0.529302184209725 0.5259505311307625 0.5306388607633573 0.5300028962032793 0.5288339479968959 0.5274380020033653 0.5308300542485331 0.5306554645905759 0.5296619695820396 0.5298282952604819
 0.08373397152123611 0.08183950672575682 0.08277233058686694 0.08075322629130791 0.08342126741366199 0.08342885392804471 0.08106240828070661 0.08112191244293512 0.08373835150120656 0.08255574286860146 0.08223144417960258 0.08399102070942445
 0.5316991633365578 0.5281697121433876 0.5306840524902424 0.5297000659226011 0.5324515730294517 0.5295366939054564 0.529757914073655 0.5291255323967058 0.5341280135800892 0.5310672725538887 0.529479928686822 0.5329579340177537
 0.5211831009666275 0.5215904332562743 0.5222834779453652 0.5223129792086042 0.5251624962075786 0.5217904461985984 0.521948315951267 0.5222319512545718 0.5254939657139451 0.5238750510094005 0.5238052914693639 0.5237574268943116



# name: <cell-element>
# type: matrix
# rows: 13
# columns: 1
 -0.3739624148326862
 -0.4312272345427355
 -0.4301908216796403
 -0.4314652025818664
 -0.4301396657140603
 -0.4330429894777789
 -0.4312675125063014
 -0.4314868838659989
 -0.4306441520158862
 -0.4335309551280553
 -0.4319700536225885
 -0.4317953765100083
 -0.4323159430300946










