# Created by Octave 3.8.2, Sun Nov 16 22:25:23 2014 Central Standard Time <unknown@MBALearnsToCode>
# name: ffNN_file
# type: class
# classname: class_ffNN
# length: 10
# name: costFuncType
# type: cell
# rows: 1
# columns: 1
# name: <cell-element>
# type: sq_string
# elements: 1
# length: 4
CE-L





# name: func_convertInput
# type: cell
# rows: 1
# columns: 1
# name: <cell-element>
# type: sq_string
# elements: 1
# length: 4
self





# name: inputDimSizes_perCase
# type: cell
# rows: 1
# columns: 1
# name: <cell-element>
# type: scalar
256





# name: normalizeDivide
# type: cell
# rows: 1
# columns: 1
# name: <cell-element>
# type: scalar
1





# name: normalizeSubtract
# type: cell
# rows: 1
# columns: 1
# name: <cell-element>
# type: scalar
0





# name: numTransforms
# type: cell
# rows: 1
# columns: 1
# name: <cell-element>
# type: scalar
2





# name: numWeights
# type: cell
# rows: 1
# columns: 1
# name: <cell-element>
# type: scalar
2323





# name: transformFuncs
# type: cell
# rows: 1
# columns: 1
# name: <cell-element>
# type: cell
# rows: 1
# columns: 2
# name: <cell-element>
# type: sq_string
# elements: 1
# length: 4
tanh



# name: <cell-element>
# type: sq_string
# elements: 1
# length: 8
logistic








# name: weightDimSizes
# type: cell
# rows: 1
# columns: 1
# name: <cell-element>
# type: cell
# rows: 1
# columns: 2
# name: <cell-element>
# type: matrix
# rows: 1
# columns: 2
 257 9



# name: <cell-element>
# type: matrix
# rows: 1
# columns: 2
 10 1








# name: weights
# type: cell
# rows: 1
# columns: 1
# name: <cell-element>
# type: cell
# rows: 1
# columns: 2
# name: <cell-element>
# type: matrix
# rows: 257
# columns: 9
 -0.7946408430696501 -0.1965505235797592 0.7351739327225346 -0.2618244447851603 0.6118729030926076 0.1933720709748776 -0.1813398987411053 -0.3075576184633504 1.204368820086446
 -0.01034972897401704 0.02423415866356771 0.02292706072313106 0.0329148913638928 -0.03597519595562523 -0.01945616983803889 0.02760969259367821 0.02854366009584594 0.02473677908186284
 -0.0313733571259835 0.05452423045676472 0.04770510397937094 0.06410091936778348 -0.0832425224662573 -0.05112806538135449 0.05878811726117826 0.0566068660562202 0.0615246183237944
 -0.03724982575322009 0.06078821375481423 0.08006761077247138 0.05199995477526501 -0.09100219816224148 -0.06707948489655316 0.06092520570900955 0.05098687442599131 0.07741661654400542
 -0.08082937397976271 0.02839818144296803 0.119968322472749 0.0103710276130123 -0.03610552337118608 -0.03803660082965676 0.03287633700234621 0.01820367287016425 0.09617168439771354
 -0.08644442631515914 0.01521740975266888 0.03417576499696092 -0.01953451431476696 -0.009754733127204946 -0.04105184463309921 0.009145481963091734 -0.005835520645003819 0.01667439766019923
 -0.1565912429553478 -0.003084584316637924 -0.0983784123765436 -0.04951504815587281 0.02071798016246435 0.001822860761492655 -0.03165668458859212 -0.03404066675512584 -0.0553874362075119
 -0.07034314133172874 -0.001648516225817144 -0.1744231178131064 -0.03120417113725065 0.009745192121377089 0.008521594862029074 -0.04919609003985736 -0.0185462479204234 -0.1236507090032188
 0.04718893147596405 0.01391575135418647 -0.303439597762296 0.01114719855227342 -0.03481559675960726 0.01491130903006837 -0.05651890713630497 0.02268775007245816 -0.2645615574600307
 0.1607039391126642 0.0001318893735803894 -0.1989353188959412 0.02330926709161036 -0.05052882574188681 0.02795846671769105 -0.06100197872029942 0.01945666548940917 -0.1875509059219667
 0.1825987327140485 -0.005807861447543287 -0.1107967412215212 0.08859200738543781 -0.06635387493211822 0.1025721232333035 -0.03475178599636623 0.05560902337976835 -0.03522941534805391
 0.0098411471986638 -0.02923740136294024 0.063797447667478 0.1702540153764146 -0.02715519206258373 0.1129035889862059 0.02522775291883242 0.09099579550253009 0.06985970361318962
 -0.05841270611245396 -0.02343639028099112 0.07800771743770932 0.1996905098031508 -0.0634093400548643 0.03034734939214743 0.08840133420945376 0.1134157472503347 0.02612961955081625
 0.04887514947369951 -0.02372440115149965 -0.04946164554863537 0.1111644091169325 -0.05185578614509991 -0.03541650869739782 0.0758212331071456 0.07747034503752065 -0.02413639387331781
 0.2713656441535487 0.06738923503048998 -0.3346503758333745 0.1727849220717761 -0.04039041250274075 -0.1006358717128923 0.1076625651055148 0.1666873551570759 -0.1419419491668898
 -0.02222416573319936 0.03929654793364976 -0.1434695642330319 0.0749589408347332 0.1194579673820112 -0.03721328934301807 0.05634898302440929 0.0655200215340061 0.2051846600385713
 -0.06455689593910507 -0.004204111316121929 0.006242538006160125 -0.02636621486087142 0.08268982570641677 0.02258958334418548 -0.012375090775114 -0.01866787605359128 0.1438538051857023
 -0.05529414168686646 0.04497847536602541 0.08272561752556747 0.01334551722955407 -0.06192289991575621 -0.0808283799998305 0.04532515436995196 0.007895585125282432 0.08858952619405037
 -0.1512071626706837 0.0830308882669321 0.1972748183046176 0.01808908737037556 -0.1086507832737706 -0.1382944107758659 0.09086355341928004 0.02157648867705396 0.1940002290399445
 -0.1141615522476645 0.1174957978046926 0.1693466266653836 0.05788604895863698 -0.1892587597902297 -0.185802913178684 0.1122491284801054 0.07811452684296805 0.08531432894030713
 -0.1096722699871265 0.1167605855148083 0.1135796675997337 0.08177217106521563 -0.1744066696837247 -0.1730455798568912 0.09801711101125403 0.1257310532027112 0.01526262750470978
 -0.1609295488713029 0.08362080385862085 0.009459531867130302 0.006271509672507149 -0.1157150400509726 -0.1354108952817486 0.04138261341744083 0.07671899528830239 0.00165657769739855
 -0.1397504422548788 0.01386203384971126 -0.1465316322458436 -0.1174345689317116 -0.01904708133755122 -0.05587653939802496 -0.06407368521859708 -0.04227093106489507 -0.08417453535156008
 0.02521781919293378 0.04147985457609122 -0.3165059651418093 -0.04831503662335142 -0.1153082961271732 -0.1075691273508725 -0.06895532254881478 -0.004651150731354624 -0.2161031571146433
 0.121631943908332 0.02666490361653018 -0.3040096585920707 0.03453695751582425 -0.1164174462816246 -0.008947678477913003 -0.1077025425738997 0.03205836921953642 -0.2372452623402717
 0.2338089212401444 0.02079051101923733 -0.385702119663534 0.1498822010042494 -0.1540773645606141 0.08707730780937661 -0.1115280418072563 0.1410249465357306 -0.2818315983756228
 0.3254681489847366 0.009802697006404865 -0.3669285060378522 0.2721377389411838 -0.2235880179813615 0.0982555688389776 -0.02511080720073209 0.228591519300186 -0.407445568353348
 0.2166286083591824 -0.06465582896136522 -0.1729447526541388 0.1858174074410621 -0.1189758291984573 0.1629886227365022 -0.03832344823876804 0.1580268819019177 -0.1039468068853645
 0.263677186139769 -0.03722845551374866 -0.2299849231956951 0.2555674192049497 -0.123520522899025 0.1200715773998206 0.07483945775262031 0.2302326133220114 -0.1201017412024377
 0.1145259299467526 0.009704509077505462 -0.1103917981501285 0.2994222642586762 -0.01803304125222528 0.02243668592629526 0.1543409447880424 0.27833014080143 0.02249275314542057
 -0.009173611449172786 -0.02236178825887948 -0.1293953660404924 0.1384818169820458 0.07142480146862337 0.0206554151963598 0.07353779677971008 0.1396556117639865 -0.05352773859852694
 0.0620670431468175 -0.03862163751437105 -0.2140792437882104 0.02489703974450213 0.1108645436549166 0.04611703742824465 0.004981099935898578 0.03441751547308523 -0.0736703398940774
 -0.03409565409022752 0.04230221071504309 -0.1537884460427858 0.06373659397419382 0.1066370617054632 -0.01003868825871879 0.04824398313184519 0.06753939227675013 0.1472427507704357
 -0.09309591049422836 0.008858732422205345 0.1238381006116917 -0.03785914534223823 0.00649158601670813 -0.05094706562377959 0.008164401882332747 -0.03680058235743643 0.08717451972777691
