# Created by Octave 3.8.2, Sat Oct 25 19:06:21 2014 Central Daylight Time <unknown@MyPC>
# name: ffNN_file
# type: class
# classname: class_ffNN
# length: 7
# name: costFuncType
# type: cell
# rows: 1
# columns: 1
# name: <cell-element>
# type: sq_string
# elements: 1
# length: 4
CE-L





# name: inputDimSizes_perCase
# type: cell
# rows: 1
# columns: 1
# name: <cell-element>
# type: scalar
54





# name: numTransforms
# type: cell
# rows: 1
# columns: 1
# name: <cell-element>
# type: scalar
1





# name: numWeights
# type: cell
# rows: 1
# columns: 1
# name: <cell-element>
# type: scalar
55





# name: transformFuncs
# type: cell
# rows: 1
# columns: 1
# name: <cell-element>
# type: cell
# rows: 1
# columns: 1
# name: <cell-element>
# type: sq_string
# elements: 1
# length: 8
logistic








# name: weightDimSizes
# type: cell
# rows: 1
# columns: 1
# name: <cell-element>
# type: cell
# rows: 1
# columns: 1
# name: <cell-element>
# type: matrix
# rows: 1
# columns: 2
 55 1








# name: weights
# type: cell
# rows: 1
# columns: 1
# name: <cell-element>
# type: cell
# rows: 1
# columns: 1
# name: <cell-element>
# type: matrix
# rows: 55
# columns: 1
 6.534739704616574
 9.378666325317496
 5.230318489275554
 -44.92104424944812
 -13.65071328447774
 -2.631312011602998
 -64.87267839573816
 25.91645201204386
 -5.940566518854485
 -13.47975409480717
 115.2786930785414
 103.698999394563
 75.10241182516356
 -48.33076700540822
 -69.04551130164351
 81.58939666869978
 -96.20223349853158
 143.6761197142018
 5.33320311928905
 45.40916650623796
 57.01768898638601
 -33.65513737559364
 -224.3535939762633
 -17.10410697991255
 70.90153713185113
 -103.2621176763743
 -16.9080392577735
 74.7260376350646
 100.2416712091118
 52.52748735789696
 -114.0631168818614
 -27.48063950510915
 -106.5616535086527
 45.75827541642946
 51.74771536842435
 -12.67733957928435
 -206.4252657941893
 66.23428109281826
 -20.50204634659942
 -164.7619670658186
 -124.3413699921194
 102.6267900801948
 -76.08294093340528
 -3.196592387329892
 -18.39493361452364
 -39.70275833012013
 130.9018441041252
 -57.24060146302428
 38.56617710125255
 -239.3255322382159
 -28.49269351175291
 78.51763019537738
 0.4512516958742996
 -106.9566490477636
 -39.18781367509161










