# Created by Octave 3.8.2, Wed Oct 15 09:35:48 2014 Central Daylight Time <unknown@MyPC>
# name: ffNN_file
# type: class
# classname: class_ffNN
# length: 7
# name: costFuncType
# type: cell
# rows: 1
# columns: 1
# name: <cell-element>
# type: sq_string
# elements: 1
# length: 4
CE-L





# name: inputDimSizes_perCase
# type: cell
# rows: 1
# columns: 1
# name: <cell-element>
# type: scalar
6





# name: numTransforms
# type: cell
# rows: 1
# columns: 1
# name: <cell-element>
# type: scalar
2





# name: numWeights
# type: cell
# rows: 1
# columns: 1
# name: <cell-element>
# type: scalar
97





# name: transformFuncs
# type: cell
# rows: 1
# columns: 1
# name: <cell-element>
# type: cell
# rows: 1
# columns: 2
# name: <cell-element>
# type: sq_string
# elements: 1
# length: 8
logistic



# name: <cell-element>
# type: sq_string
# elements: 1
# length: 8
logistic








# name: weightDimSizes
# type: cell
# rows: 1
# columns: 1
# name: <cell-element>
# type: cell
# rows: 1
# columns: 2
# name: <cell-element>
# type: matrix
# rows: 1
# columns: 2
 7 12



# name: <cell-element>
# type: matrix
# rows: 1
# columns: 2
 13 1








# name: weights
# type: cell
# rows: 1
# columns: 1
# name: <cell-element>
# type: cell
# rows: 1
# columns: 2
# name: <cell-element>
# type: matrix
# rows: 7
# columns: 12
 1.657518735277448 1.657209067452633 1.639126294706514 1.634409131234048 1.632186886880566 1.647625107214536 1.66471376665758 1.640370158747694 1.632424861988464 1.648083153188466 1.655112441523893 1.592439210726647
 -0.4519006443704942 -0.4551242907796271 -0.4478063908765508 -0.4565375400570154 -0.4536593004115801 -0.4512405867715122 -0.4535495114415559 -0.4509183050221834 -0.4585049071212984 -0.4478424256633187 -0.4515659278521252 -0.4544516803524438
 -0.4213121677712157 -0.4211831070563949 -0.4276954812247439 -0.4254682194015125 -0.4252897178237438 -0.4224164984056841 -0.4205044357418524 -0.4176383996584433 -0.42343101155505 -0.4224632299923468 -0.423260714892062 -0.4313028212378516
 0.483080954389819 0.4897182204175773 0.4795713726113482 0.4792575338234262 0.4746480976588354 0.4801995707662736 0.4871173966724066 0.47814430797864 0.4818355960659803 0.482075055830842 0.4817320586038207 0.4663995646930832
 -1.57485720328455 -1.583919498482831 -1.573568544803368 -1.579427346503169 -1.572258397963283 -1.572553864923449 -1.579472206924635 -1.565760215868832 -1.581683971979656 -1.571072819595525 -1.575143639779919 -1.570603229425853
 -2.143705111469355 -2.139371128200795 -2.128074032028311 -2.117769947211726 -2.119999214714346 -2.136320602180343 -2.147939279951358 -2.136312635951252 -2.115651081871472 -2.139892396429519 -2.140537213442731 -2.084035184335734
 2.286860357552113 2.281838696296476 2.263215998335748 2.254891032428838 2.253720546242106 2.272589220571268 2.290045190626348 2.268368418741867 2.257216201311095 2.27479136251176 2.28105517235401 2.21444277430475



# name: <cell-element>
# type: matrix
# rows: 13
# columns: 1
 -9.046452032274436
 3.302460541826069
 3.301713545851023
 3.277686706668649
 3.270140227443152
 3.267074770810561
 3.288107530471227
 3.310467784992654
 3.280907990662967
 3.270319263729851
 3.290562890912614
 3.297522825156026
 3.218266562929881










