# Created by Octave 3.8.2, Fri Oct 17 14:42:11 2014 Central Daylight Time <unknown@MyPC>
# name: ffNN_file
# type: class
# classname: class_ffNN
# length: 7
# name: costFuncType
# type: cell
# rows: 1
# columns: 1
# name: <cell-element>
# type: sq_string
# elements: 1
# length: 4
CE-L





# name: inputDimSizes_perCase
# type: cell
# rows: 1
# columns: 1
# name: <cell-element>
# type: scalar
6





# name: numTransforms
# type: cell
# rows: 1
# columns: 1
# name: <cell-element>
# type: scalar
2





# name: numWeights
# type: cell
# rows: 1
# columns: 1
# name: <cell-element>
# type: scalar
97





# name: transformFuncs
# type: cell
# rows: 1
# columns: 1
# name: <cell-element>
# type: cell
# rows: 1
# columns: 2
# name: <cell-element>
# type: sq_string
# elements: 1
# length: 8
logistic



# name: <cell-element>
# type: sq_string
# elements: 1
# length: 8
logistic








# name: weightDimSizes
# type: cell
# rows: 1
# columns: 1
# name: <cell-element>
# type: cell
# rows: 1
# columns: 2
# name: <cell-element>
# type: matrix
# rows: 1
# columns: 2
 7 12



# name: <cell-element>
# type: matrix
# rows: 1
# columns: 2
 13 1








# name: weights
# type: cell
# rows: 1
# columns: 1
# name: <cell-element>
# type: cell
# rows: 1
# columns: 2
# name: <cell-element>
# type: matrix
# rows: 7
# columns: 12
 0.0260676908927569 0.0237041047422378 0.02476937368842931 0.02515213151933434 0.02368780983304405 0.02608880822372824 0.02326336303521001 0.02748686184046237 0.02322223239534773 0.02385784260477866 0.02865634319174254 0.0257955129788771
 0.1155258026765638 0.1146804128325066 0.1148244187339761 0.1149029848398662 0.116041191439817 0.1156795794423616 0.1143765236112565 0.117823662713566 0.1155274586886565 0.115408410200381 0.1181542159023482 0.1148825030154802
 -0.1426062715739385 -0.1432788198980429 -0.1442136075651384 -0.1434227826346248 -0.1437305128254266 -0.1441727179137048 -0.1440785913314591 -0.1426898382401178 -0.1438373955937955 -0.1438792244225229 -0.1452099108973355 -0.1418644743059418
 -0.173568091344935 -0.1741916997772354 -0.1742062666527158 -0.1746966241662087 -0.1741202520843658 -0.1740082697782599 -0.1740785175941218 -0.1744565279486767 -0.1728802241278221 -0.173662554928822 -0.1757147789907821 -0.1757140242214259
 -0.72318140566536 -0.7205462979472357 -0.7209790619994093 -0.7217743046299344 -0.7222350720056872 -0.7229278888130254 -0.72109167532536 -0.7215921700798172 -0.7214509131825988 -0.7205801861963909 -0.7239258368267337 -0.721148514721209
 1.636052351455947 1.632561254914816 1.631278837910687 1.638422095665379 1.632769870962636 1.63669245560087 1.62791346840453 1.638068810270667 1.634872873546277 1.629298832474233 1.642763921661668 1.635165616892125
 -0.9117725481251517 -0.91031103279948 -0.9097314036740879 -0.9095730687623061 -0.9091613704453243 -0.910385720082409 -0.9072922309761046 -0.9113677544921893 -0.9105268145512333 -0.9080489970912377 -0.9117098683911607 -0.9118786491556424



# name: <cell-element>
# type: matrix
# rows: 13
# columns: 1
 0.1827473244903615
 -0.5257773434942573
 -0.5230766334224565
 -0.5225573828302303
 -0.5248468168745479
 -0.5232972492700405
 -0.5252732406122401
 -0.5201450183157897
 -0.5245179901836962
 -0.5246526540080917
 -0.5204499099973363
 -0.5279374215470974
 -0.5247447955610761










