# Created by Octave 3.8.2, Mon Nov 17 00:16:51 2014 Central Standard Time <unknown@MBALearnsToCode>
# name: ffNN_file
# type: class
# classname: class_ffNN
# length: 10
# name: costFuncType
# type: cell
# rows: 1
# columns: 1
# name: <cell-element>
# type: sq_string
# elements: 1
# length: 4
CE-L





# name: func_convertInput
# type: cell
# rows: 1
# columns: 1
# name: <cell-element>
# type: sq_string
# elements: 1
# length: 4
self





# name: inputDimSizes_perCase
# type: cell
# rows: 1
# columns: 1
# name: <cell-element>
# type: scalar
256





# name: normalizeDivide
# type: cell
# rows: 1
# columns: 1
# name: <cell-element>
# type: scalar
1





# name: normalizeSubtract
# type: cell
# rows: 1
# columns: 1
# name: <cell-element>
# type: scalar
0





# name: numTransforms
# type: cell
# rows: 1
# columns: 1
# name: <cell-element>
# type: scalar
2





# name: numWeights
# type: cell
# rows: 1
# columns: 1
# name: <cell-element>
# type: scalar
517





# name: transformFuncs
# type: cell
# rows: 1
# columns: 1
# name: <cell-element>
# type: cell
# rows: 1
# columns: 2
# name: <cell-element>
# type: sq_string
# elements: 1
# length: 4
tanh



# name: <cell-element>
# type: sq_string
# elements: 1
# length: 8
logistic








# name: weightDimSizes
# type: cell
# rows: 1
# columns: 1
# name: <cell-element>
# type: cell
# rows: 1
# columns: 2
# name: <cell-element>
# type: matrix
# rows: 1
# columns: 2
 257 2



# name: <cell-element>
# type: matrix
# rows: 1
# columns: 2
 3 1








# name: weights
# type: cell
# rows: 1
# columns: 1
# name: <cell-element>
# type: cell
# rows: 1
# columns: 2
# name: <cell-element>
# type: matrix
# rows: 257
# columns: 2
 -0.04393583549576018 -0.1492131203668007
 -0.07733394332355203 -0.1975390985587208
 -0.1745790157763053 -0.2019152296175118
 -0.08334554483800204 -0.1478255113200214
 -0.1336961467525307 -0.1260913970969005
 -0.07918873157222388 -0.2001529493764193
 0.04552590200500747 0.1494474683240315
 0.008608157092737049 0.04713141036097249
 0.04300318454755153 -0.04108253633595385
 0.07320554541867241 0.1764079418307198
 0.09870726832322865 0.25627194071295
 0.124493227221297 0.2805658600330079
 0.175104876519804 0.3423131069907998
 0.1546211494789698 0.2524737111666186
 0.1294125206312106 0.173779913704118
 -0.03575343256994919 -0.1838364403007917
 0.173582744169577 0.606580491677943
 -0.1794058940172732 -0.2024402058181906
 -0.2911325774919071 -0.3129397535826059
 -0.05718998245951537 0.04535600652925067
 -0.03182515648674998 0.2131538879809633
 -0.0710232232963432 0.08155097657377548
 0.02645663582709261 0.2272558063884109
 0.08655460476085262 0.1393871264986699
 0.2108313271309022 0.002349577167227602
 0.1721901990735031 -0.05281025653189138
 0.2268387507721354 0.232908461422762
 0.2752115038139746 0.3849272709932909
 0.2662364730036171 0.2126091485854201
 0.2583646020090323 0.2279566687453022
 0.1765195678046252 0.01101342855892069
 0.1978676254830046 0.2966422752036788
 0.1159264867301837 0.2866656500145427
 -0.1261436070118043 -0.09394815606251322
 -0.2175993971087345 -0.1714974037305613
 -0.1864501608569129 -0.3794896815849835
 0.05867549644072128 0.1434692973612501
 -0.1035525968895909 0.07753167228086606
 -0.01269906033405784 -0.04751937185141501
 0.1705815722995917 -0.07505934838826002
 0.3274770489762688 -0.07793182882953306
 0.3084005159688873 -0.02095736152999977
 0.3288639360418997 0.4336810719032843
 0.2323773055314361 0.1238224687483212
 0.1109604082839618 -0.08755524447441214
 0.121993621082605 -0.06271562759735602
 0.2147029821040013 0.08246936280301581
 0.3452392326488236 0.4227006277077674
 0.04887581522522283 0.1934597839798165
 -0.05930296651088105 -0.09042799523188357
 -0.3226463031708828 -0.09233791347030358
 -0.2820060539755906 -0.3855066065486725
 0.04622459177669736 -0.1588807209716758
 0.01970415687667322 0.09615094373150535
 0.1270871302138251 -0.0005849660822797925
 0.2851866108208925 0.02240837460849768
 0.3537767086193633 0.003498817327498756
 0.4215471609423295 0.5953579575487067
 0.29530134487325 0.4947807037425495
 0.05284559180746467 -0.1410069440935875
 -5.066497149427193e-005 -0.01208504815199339
 0.06657239299305696 -0.1264372218556577
 0.1672599506484657 -0.09334847265688918
 0.103795569806308 -0.1337032942049594
 0.1087286089046115 0.1488486105714977
 -0.04148356812541056 0.06690087714514519
 -0.38687872821182 -0.1980959463407144
 -0.2699800604144313 -0.1403707547066783
 -0.008791618016015643 -0.4216752470713847
 0.2057746546429149 0.3503490462880843
 0.2604972127544365 -0.02582065300321549
 0.2999833903475329 -0.3595284142472849
 0.4328655322962288 0.4307738871995807
 0.3336139733504566 0.5775176974725914
 0.06612247893761901 0.003198609600520222
 0.02070924883201028 0.2044643511546871
 0.09092776081416006 0.3024712534926484
 0.1141605958926658 0.1758755786375099
 0.1415932919348323 0.106482861805712
 0.3078385739352208 0.3433572803075373
 0.1065175080569643 0.1459175555936497
 -0.0833192464636313 -0.05843385482293298
 -0.3196544409643445 -0.06640064831767227
 -0.2683923920172505 -0.003922732034559735
 -0.1405555859713678 -0.3909366636066815
 0.3785967620862355 -0.05074413957923574
 0.3567689108543137 -0.07135433679929787
 0.3858883271241315 0.4553207078742393
 0.444960772179585 0.7532752524120891
 0.166947136515528 0.07306914035984757
 -0.02651376163217529 -0.1315371504001915
 0.01214574387618801 -0.07332707702867591
 -0.04069918199557192 -0.1323762135653687
 0.03677653705656739 0.1055793818593942
 0.08098217856967542 0.1072776776017082
 0.3503361628872811 0.3615746280391265
 0.1511736941376474 0.2787417933330372
 -0.1435490097345848 -0.4292926275285007
 -0.3228748176344283 -0.233871884838746
 -0.4186199073623781 -0.1001436710438724
 -0.09933347880600615 -0.4831266308322066
 0.514705092528883 -0.147151935777522
 0.4304244596809172 0.5232077735401484
 0.384077301225705 0.4649050361133127
 0.2378421164167068 0.1895378459732947
 0.04651814120071793 0.03374995856993644
 0.1198316116188218 0.1725972579792074
 0.08327032258657439 0.1704136350366088
 -0.01926891888449862 -0.04304799429086636
 -0.005865538201792924 0.1135119649882773
 0.09677560576031935 -0.0576488955349288
 0.3297586088803766 0.2204022400909324
 0.1375675239614877 0.2000498432231235
 -0.1110948619372003 -0.381447018989985
 -0.3621058451185867 -0.2837857338668202
 -0.3904123574116972 -0.1002235160721159
 -0.03313425925211853 -0.366001188326187
 0.5424649152913352 -0.06246059342664127
 0.5659130838083012 0.9343530561672742
 0.2148710459313351 0.2349118846050772
 0.06962851877012791 0.04979676944544602
 0.1129741897741338 0.0958585819219141
 0.1153901460315677 0.1191125429790354
 0.0589860352139131 0.1781568603793667
 0.04261001877860664 0.2710090469559019
 -0.006531548941124595 -0.1473511879452838
 0.2174427966215474 0.223452977448259
 0.2127849983873434 0.1240206226232222
 0.01295370530489792 -0.08442202376137616
 -0.05728114049552634 -0.02327435699162323
 -0.3147992073392593 -0.1485754056436943
 -0.2760802944397341 -0.04304737560617369
 0.1133693939274262 -0.2860204467025511
 0.6659345257156006 0.2077537435711363
 0.3264533375850752 0.03451090302072281
 0.09247600357013272 0.2313377630370804
 -0.006676137186156351 -0.03180310008037199
 0.1777193407879133 0.1440558711892063
 -0.07692771174047343 -0.3050242679704228
 0.09349059879408567 0.3079963714758785
 0.02525850152779805 0.04131328664006071
 0.1360029228737028 0.1264314626030231
 0.3214468146778128 0.3242494523068517
 0.2538138278224562 0.1397583236671517
 0.07897750463051396 0.07676091364709561
 0.05816222369264023 0.1272528967170201
 -0.213994620244095 -0.06386784142403372
 -0.1582148128848167 -0.1678622808821839
 0.1799064378951254 -0.3698846350061569
 0.601979309374712 0.1136617005916513
 0.257229063254606 0.003951966879823007
 0.1173296935490096 0.3373132175670188
 0.05882727351978587 -0.08756492042285206
 0.06356447995123381 0.04341908199355635
 -0.004097924244605872 -0.005948185735500882
 0.0524227018201694 0.1306330909608873
