# Created by Octave 3.8.2, Sun Nov 09 16:32:52 2014 Central Standard Time <unknown@MBALearnsToCode>
# name: ffNN_file
# type: class
# classname: class_ffNN
# length: 9
# name: costFuncType
# type: cell
# rows: 1
# columns: 1
# name: <cell-element>
# type: sq_string
# elements: 1
# length: 4
CE-L





# name: inputDimSizes_perCase
# type: cell
# rows: 1
# columns: 1
# name: <cell-element>
# type: scalar
54





# name: normalizeDivide
# type: cell
# rows: 1
# columns: 1
# name: <cell-element>
# type: scalar
1





# name: normalizeSubtract
# type: cell
# rows: 1
# columns: 1
# name: <cell-element>
# type: scalar
0





# name: numTransforms
# type: cell
# rows: 1
# columns: 1
# name: <cell-element>
# type: scalar
1





# name: numWeights
# type: cell
# rows: 1
# columns: 1
# name: <cell-element>
# type: scalar
55





# name: transformFuncs
# type: cell
# rows: 1
# columns: 1
# name: <cell-element>
# type: cell
# rows: 1
# columns: 1
# name: <cell-element>
# type: sq_string
# elements: 1
# length: 8
logistic








# name: weightDimSizes
# type: cell
# rows: 1
# columns: 1
# name: <cell-element>
# type: cell
# rows: 1
# columns: 1
# name: <cell-element>
# type: matrix
# rows: 1
# columns: 2
 55 1








# name: weights
# type: cell
# rows: 1
# columns: 1
# name: <cell-element>
# type: cell
# rows: 1
# columns: 1
# name: <cell-element>
# type: matrix
# rows: 55
# columns: 1
 4.424741856238678
 3.225536743872432
 5.411493239649831
 -6.84819057763099
 -4.840415189272947
 -5.420220809173351
 0.5926553092584033
 -1.914918340500456
 1.16732541527492
 -1.067746272107834
 -4.231306435682324
 1.740198098775912
 -3.820012216424634
 -1.932561362523869
 -4.089369496516844
 -0.5487949614639679
 -0.7098722585147645
 1.382646841743712
 -2.088770252033012
 -2.339406529456285
 -0.726162627907635
 -2.974561259847988
 1.126946859878379
 -1.396061344755765
 0.9332443846752467
 -2.555724632362074
 -1.96969337164381
 -2.199723594789015
 -1.038789525974102
 -0.2339238064753227
 0.549291925190548
 -0.6278685346780313
 0.164194359459794
 -1.438086398552594
 -2.54411601535181
 0.1162810611652882
 -2.348029640847225
 0.5736483231301319
 -0.5283486015975221
 0.4981490986975841
 -0.8977329433971465
 0.357106775526646
 -1.617051348153435
 -1.846872165274567
 -0.6741666469323921
 -1.226802403324518
 -0.1182342956691165
 0.18589341296964
 -0.1321376040205604
 0.08731011622302742
 -0.4851799985448967
 0.005383471158213493
 -0.9469427326449975
 -2.235549248354478
 0.8729185123185004










