# Created by Octave 3.8.2, Tue Oct 21 09:28:30 2014 Central Daylight Time <unknown@MyPC>
# name: ffNN_file
# type: class
# classname: class_ffNN
# length: 7
# name: costFuncType
# type: cell
# rows: 1
# columns: 1
# name: <cell-element>
# type: sq_string
# elements: 1
# length: 4
CE-L





# name: inputDimSizes_perCase
# type: cell
# rows: 1
# columns: 1
# name: <cell-element>
# type: scalar
6





# name: numTransforms
# type: cell
# rows: 1
# columns: 1
# name: <cell-element>
# type: scalar
2





# name: numWeights
# type: cell
# rows: 1
# columns: 1
# name: <cell-element>
# type: scalar
97





# name: transformFuncs
# type: cell
# rows: 1
# columns: 1
# name: <cell-element>
# type: cell
# rows: 1
# columns: 2
# name: <cell-element>
# type: sq_string
# elements: 1
# length: 8
logistic



# name: <cell-element>
# type: sq_string
# elements: 1
# length: 8
logistic








# name: weightDimSizes
# type: cell
# rows: 1
# columns: 1
# name: <cell-element>
# type: cell
# rows: 1
# columns: 2
# name: <cell-element>
# type: matrix
# rows: 1
# columns: 2
 7 12



# name: <cell-element>
# type: matrix
# rows: 1
# columns: 2
 13 1








# name: weights
# type: cell
# rows: 1
# columns: 1
# name: <cell-element>
# type: cell
# rows: 1
# columns: 2
# name: <cell-element>
# type: matrix
# rows: 7
# columns: 12
 11.92574448390815 -2.564282607365887 12.70735185054464 -4.548255007757708 -4.773401509511237 2.866623212770127 -3.506441341536181 3.243707882307894 -5.948881112735266 10.64594573348202 3.400599178520957 -3.584052394813467
 9.897106081913515 -6.592250645279528 4.279072329503278 -9.103896259130705 -9.828366758895953 10.71931732115105 -7.606156088544176 -0.5149698133107636 -8.895456996319536 7.464263037495662 -8.997798167091103 -4.512387157198628
 4.415122167980543 -2.837204668724852 4.788970478046958 -9.862846264096566 6.467753417554034 8.625956116082323 9.364743750964708 1.227993024863361 -5.411568635233571 -2.4274496411515 -1.69251925100398 -8.13093083723729
 -4.557037246712093 -0.3093042141981087 -3.921978589193862 -0.6692552890565377 -12.64748603185672 -10.76792087587261 -7.724322835722051 1.599026278207139 -8.907025414790473 -10.00162048704011 -10.98360787937105 -7.108435288134164
 3.205365689249024 -6.904630758599935 -10.6740433676394 -10.03557455205309 1.181378555217235 -5.982740652093291 -6.68941354169198 -19.68975342429128 -10.43476654177428 -4.903061598745338 -12.04393815010461 -6.942216045998738
 -1.182333669069622 -1.270456343627907 -17.06584517953778 6.521543393785761 -9.495767463145571 -8.282615075596876 -4.767893996097128 3.458973343177238 -4.782602778400995 -0.3819068011933541 1.161170374472834 -3.691260025229654
 2.206247446577363 -8.955988303966818 -1.467332913297762 -0.8938605771318128 0.7985977187913357 -15.90013245485113 0.08642383393145084 -1.434888717806219 -1.781687420736608 -15.82283042326331 0.6950602157358365 -5.769466621795464



# name: <cell-element>
# type: matrix
# rows: 13
# columns: 1
 -0.9231423758279378
 3.89140812907909
 -0.1966783485686683
 3.479415063651826
 -0.660375942411363
 0.4762078380726231
 0.513591166428453
 1.432776800600717
 8.425101127019051
 -1.091237515704959
 5.640772793061595
 4.245508675980462
 -0.8404226934752811










