# Created by Octave 3.8.2, Wed Oct 15 09:17:04 2014 Central Daylight Time <unknown@MyPC>
# name: ffNN_file
# type: class
# classname: class_ffNN
# length: 7
# name: costFuncType
# type: cell
# rows: 1
# columns: 1
# name: <cell-element>
# type: sq_string
# elements: 1
# length: 4
CE-L





# name: inputDimSizes_perCase
# type: cell
# rows: 1
# columns: 1
# name: <cell-element>
# type: scalar
6





# name: numTransforms
# type: cell
# rows: 1
# columns: 1
# name: <cell-element>
# type: scalar
2





# name: numWeights
# type: cell
# rows: 1
# columns: 1
# name: <cell-element>
# type: scalar
97





# name: transformFuncs
# type: cell
# rows: 1
# columns: 1
# name: <cell-element>
# type: cell
# rows: 1
# columns: 2
# name: <cell-element>
# type: sq_string
# elements: 1
# length: 8
logistic



# name: <cell-element>
# type: sq_string
# elements: 1
# length: 8
logistic








# name: weightDimSizes
# type: cell
# rows: 1
# columns: 1
# name: <cell-element>
# type: cell
# rows: 1
# columns: 2
# name: <cell-element>
# type: matrix
# rows: 1
# columns: 2
 7 12



# name: <cell-element>
# type: matrix
# rows: 1
# columns: 2
 13 1








# name: weights
# type: cell
# rows: 1
# columns: 1
# name: <cell-element>
# type: cell
# rows: 1
# columns: 2
# name: <cell-element>
# type: matrix
# rows: 7
# columns: 12
 -1.623183466831743 -1.700428870103363 -2.016871534209302 -1.696017440955878 -1.750071859242004 -1.246862208858878 -1.962246024101086 -2.161716778197821 -1.467190014405481 -2.201895363020817 -2.03393040150516 -1.320775157570423
 0.3338424378117812 0.3809389028563642 0.5614522419172743 0.3792612419964776 0.4107199892446338 0.07871318484905071 0.5312787507910516 0.6378467286732797 0.2315276839502697 0.6589993671461361 0.570708636248509 0.1291741187255837
 -0.4475939004578562 -0.4512730162182178 -0.4931864938512979 -0.4518411998836406 -0.4574926571004935 -0.4415961956822428 -0.4838103669272127 -0.5204216948021291 -0.4444098242096025 -0.528622269754552 -0.4952516615203019 -0.4445527157711378
 0.3224642340492318 0.3691477605197581 0.5421476937091345 0.3652172810442496 0.3976761600010885 0.07443536333632167 0.5141507848458166 0.6160731682431283 0.2231406655540169 0.635901846690012 0.5507952735655264 0.1252434890746242
 1.302556510972561 1.406146892046145 1.811243852629711 1.401210957637626 1.474060357299584 0.7427813964932359 1.743465931761267 1.987297220905968 1.079898571601947 2.035518181282963 1.831244081967067 0.8579524510514764
 -1.394449309857989 -1.482183608563033 -1.840946613966233 -1.47748223566628 -1.540403236824869 -0.9712293703550204 -1.779828589376969 -2.001799038002111 -1.214522722751654 -2.046362135152464 -1.859136688703023 -1.050615961527142
 3.319806078402855 3.511215958388442 4.279239374718296 3.50212462216551 3.636055946411351 2.313530082740649 4.147779858170303 4.633076233321528 2.919425285958085 4.727291010090972 4.320304091323467 2.521931462415638



# name: <cell-element>
# type: matrix
# rows: 13
# columns: 1
 11.85077523065722
 -2.294575115000844
 -2.526153524854696
 -3.470589575715625
 -2.514665823041171
 -2.678089299685624
 -1.109752409241384
 -3.307700212513725
 -3.907642887603342
 -1.815216292228684
 -4.026677103942037
 -3.520828262466906
 -1.349845879982378










