# Created by Octave 3.8.2, Sat Oct 25 14:41:46 2014 Central Daylight Time <unknown@MyPC>
# name: ffNN_file
# type: class
# classname: class_ffNN
# length: 7
# name: costFuncType
# type: cell
# rows: 1
# columns: 1
# name: <cell-element>
# type: sq_string
# elements: 1
# length: 4
CE-L





# name: inputDimSizes_perCase
# type: cell
# rows: 1
# columns: 1
# name: <cell-element>
# type: scalar
27





# name: numTransforms
# type: cell
# rows: 1
# columns: 1
# name: <cell-element>
# type: scalar
1





# name: numWeights
# type: cell
# rows: 1
# columns: 1
# name: <cell-element>
# type: scalar
28





# name: transformFuncs
# type: cell
# rows: 1
# columns: 1
# name: <cell-element>
# type: cell
# rows: 1
# columns: 1
# name: <cell-element>
# type: sq_string
# elements: 1
# length: 8
logistic








# name: weightDimSizes
# type: cell
# rows: 1
# columns: 1
# name: <cell-element>
# type: cell
# rows: 1
# columns: 1
# name: <cell-element>
# type: matrix
# rows: 1
# columns: 2
 28 1








# name: weights
# type: cell
# rows: 1
# columns: 1
# name: <cell-element>
# type: cell
# rows: 1
# columns: 1
# name: <cell-element>
# type: matrix
# rows: 28
# columns: 1
 1.563006852581962
 0.8635971219576424
 1.533487091081026
 -2.459459591116806
 -1.321672440878297
 -1.858853336595522
 0.2240218406304438
 -0.5092047440274264
 -0.4734056991096781
 -0.1802964442887804
 -1.851930201286097
 -0.03693272287178822
 -0.8224227328417839
 -0.4157306792098323
 -1.513873956359946
 -0.2892555423969395
 -0.2676440395520132
 -0.02408710697792034
 -0.3858307052825232
 -0.4311091868680463
 -0.4778658335898774
 -1.325557304285009
 0.06028028554625115
 -0.3797446518889759
 0.03602017314343185
 -0.4398731440034014
 -0.2369549606436081
 -1.093376487918963










