# Created by Octave 3.8.2, Fri Oct 24 23:16:37 2014 Central Daylight Time <unknown@MyPC>
# name: ffNN_file
# type: class
# classname: class_ffNN
# length: 7
# name: costFuncType
# type: cell
# rows: 1
# columns: 1
# name: <cell-element>
# type: sq_string
# elements: 1
# length: 4
CE-L





# name: inputDimSizes_perCase
# type: cell
# rows: 1
# columns: 1
# name: <cell-element>
# type: scalar
27





# name: numTransforms
# type: cell
# rows: 1
# columns: 1
# name: <cell-element>
# type: scalar
1





# name: numWeights
# type: cell
# rows: 1
# columns: 1
# name: <cell-element>
# type: scalar
28





# name: transformFuncs
# type: cell
# rows: 1
# columns: 1
# name: <cell-element>
# type: cell
# rows: 1
# columns: 1
# name: <cell-element>
# type: sq_string
# elements: 1
# length: 8
logistic








# name: weightDimSizes
# type: cell
# rows: 1
# columns: 1
# name: <cell-element>
# type: cell
# rows: 1
# columns: 1
# name: <cell-element>
# type: matrix
# rows: 1
# columns: 2
 28 1








# name: weights
# type: cell
# rows: 1
# columns: 1
# name: <cell-element>
# type: cell
# rows: 1
# columns: 1
# name: <cell-element>
# type: matrix
# rows: 28
# columns: 1
 0.01390954583508126
 -0.01530443654308894
 0.004399283643036114
 -0.04697048921037325
 -0.01121993341114213
 -0.03303389106808476
 -0.01595686336431053
 -0.006620412742488577
 -0.007632604025709912
 -0.01972103114121675
 -0.03702873995332273
 -0.002035435604550135
 -0.01205748549225171
 -0.002992286155889387
 -0.03548786005529587
 -0.0180465131518066
 -0.00403044022262869
 -0.003080326124449303
 -0.005401675482372316
 -0.004283665739726772
 -0.02749687087965038
 -0.02915571109291737
 -0.0009381562663507204
 -0.005982792619554009
 -0.0003392457091062836
 -0.00680730235550767
 -0.001327546509161012
 -0.03521720779222837










