# Created by Octave 3.8.2, Sun Nov 02 22:34:49 2014 Central Standard Time <unknown@MyPC>
# name: ffNN_file
# type: class
# classname: class_ffNN
# length: 9
# name: costFuncType
# type: cell
# rows: 1
# columns: 1
# name: <cell-element>
# type: sq_string
# elements: 1
# length: 4
CE-L





# name: inputDimSizes_perCase
# type: cell
# rows: 1
# columns: 1
# name: <cell-element>
# type: scalar
256





# name: normalizeDivide
# type: cell
# rows: 1
# columns: 1
# name: <cell-element>
# type: scalar
1





# name: normalizeSubtract
# type: cell
# rows: 1
# columns: 1
# name: <cell-element>
# type: scalar
0





# name: numTransforms
# type: cell
# rows: 1
# columns: 1
# name: <cell-element>
# type: scalar
2





# name: numWeights
# type: cell
# rows: 1
# columns: 1
# name: <cell-element>
# type: scalar
2323





# name: transformFuncs
# type: cell
# rows: 1
# columns: 1
# name: <cell-element>
# type: cell
# rows: 1
# columns: 2
# name: <cell-element>
# type: sq_string
# elements: 1
# length: 8
logistic



# name: <cell-element>
# type: sq_string
# elements: 1
# length: 8
logistic








# name: weightDimSizes
# type: cell
# rows: 1
# columns: 1
# name: <cell-element>
# type: cell
# rows: 1
# columns: 2
# name: <cell-element>
# type: matrix
# rows: 1
# columns: 2
 257 9



# name: <cell-element>
# type: matrix
# rows: 1
# columns: 2
 10 1








# name: weights
# type: cell
# rows: 1
# columns: 1
# name: <cell-element>
# type: cell
# rows: 1
# columns: 2
# name: <cell-element>
# type: matrix
# rows: 257
# columns: 9
 0.357591161222506 0.6760391361093979 0.3787155269539121 0.5557187933170984 0.3946282632956363 0.9036484829924756 0.6314035083136118 0.8938670997079763 0.8573518311805933
 0.1166015890690616 0.09262913385599758 0.1724588111972692 0.004275133735661736 0.196245981875298 0.08128387678517969 -0.0009754438763993744 0.08412624140727977 0.07731875077039277
 -0.1654350860506294 -0.1942323611445097 0.02955387984848554 -0.3988098584138752 0.04330651034955034 -0.1892586931283032 -0.3340886753081045 -0.1711970176975684 -0.2408212928413888
 0.06333903358532048 0.05672484900988187 0.189174327159303 0.03836381112165269 0.1975969186390649 -0.003328808738536557 -0.001884107083549563 -0.005671357290200424 0.02297981731945874
 0.1197815861121882 0.0231133543019992 0.1321988009736489 0.03957288746448867 0.1457256177642753 -0.01388189405859947 0.08894041767482899 -0.01892783966856974 -0.003077048003986583
 -0.00231206541352264 0.005242900984721223 -0.06007951371819987 -0.06809122432640725 -0.05740173585477427 0.02434591840026855 0.05308733927523423 0.02755998132874826 -0.02208782701496861
 0.4944700921806469 0.4788927974747982 0.4761825206427658 0.3794279597003644 0.4494461338430565 0.4797716215201624 0.3482281867187156 0.4918604329840183 0.4798863877757698
 -0.04792894017124729 -0.02957568193288843 0.01686411257945934 -0.06088075326875703 0.002182844598241427 -0.03417661253290735 -0.1109299251143147 -0.04954386802766965 0.01822991554414555
 0.01056726674788627 -0.09535231596329875 0.06544688084159768 -0.009994528952430705 0.1320914883157631 -0.04612852176024917 -0.1411003319481608 -0.08048990738884487 -0.02457498082391126
 0.112951919550012 0.02180326849400411 0.1614004414864768 0.1403408636951405 0.2353684768115903 0.1110228664277752 -0.008318402607099241 0.06896728376252451 0.1176581113259726
 -0.1791268321555923 -0.312790504397521 -0.1455381868878929 -0.2576193594039111 -0.07769106123857218 -0.2074652613862688 -0.274325216719324 -0.2366211189732773 -0.2438151772375408
 -0.09637854702772426 -0.1370455901258592 -0.2240856334998653 -0.1113949039976136 -0.1764852090299085 -0.04468708046643991 -0.02092468002644325 -0.0572506389318617 -0.06405511615394391
 0.04281896433116493 -0.1751348504935465 -0.1483538671538789 -0.1765107021740512 -0.1797975254329821 -0.06227546667184313 0.01339547327225397 -0.05744072709796862 -0.09187274903677722
 0.2422597517962752 0.1277079762739708 0.2579758397989247 0.1786834243579128 0.04274442915341721 0.09826060478807161 0.3494108514490556 0.08113845366907528 0.1741626765215266
 0.2435348915549003 0.03062125875050915 0.2751439208211744 0.3017359633487622 0.06724614422205399 0.01550487831887439 0.2737374733718642 -0.01764325594720628 0.1118885868382594
 -0.1877712156913971 -0.09446583546198109 -0.1894318605378799 0.009994678597646514 -0.2903625793039601 -0.009983675697474503 -0.05512970572140106 -0.0007156850448193034 -0.1320403601258688
 -0.3588276241047418 -0.3438054819307733 -0.3898318531608926 -0.3435588959943742 -0.2857856516364763 -0.2029651597396494 -0.2308870723448023 -0.197390772679392 -0.279544852497132
 0.04217574988799369 0.02051419240888656 0.2295531474518185 -0.1808294113666658 0.2764599953269177 0.01393035464174795 -0.3557642800442652 0.02052647898279055 0.02208262036635937
 0.02050442110283847 -0.0009593558675654373 0.4720930866232821 -0.4168052807502921 0.6318794409613061 -0.008909047585622189 -0.5310272625899179 0.01821146327130764 -0.07087619151695419
 0.04524447084072208 0.01565735705066586 0.3359184345845171 -0.1015793761743131 0.3906859086999343 -0.1561639434804329 -0.1672214922232842 -0.1466035879794587 -0.1221162637781242
 0.2350554382617012 0.1624531759346246 0.4242270121481864 0.1700210847141136 0.4955814052274495 0.08151640031008782 0.1598026791733271 0.08142791162251048 0.08905398662944192
 0.202082606588209 0.09554749596255332 0.06649207231098087 0.1248848815213899 0.1542809439035308 0.1434750040351912 0.257661986887238 0.1371101142394183 0.07417278091743229
 0.6390301251641867 0.7696042056635382 0.6653885345210028 0.6246338701416009 0.6413448049527096 0.8035687595128449 0.5808975118420346 0.8017842300017144 0.8043299657613185
 -0.05145263112731317 0.2106404692189469 0.05486908560315633 -0.01119699537666718 0.1142613453753733 0.2194425762257489 -0.1470312839882572 0.2029111462656826 0.293119174643887
 0.2770967207242352 0.160864537659391 0.3982153034747056 0.08454370257186418 0.4167544960825297 0.1351312248703719 0.03114543815810438 0.1300639005779371 0.1341991761741975
 0.4471817686520863 0.4641702708992385 0.4567209168712705 0.4500233734825046 0.3300522939553669 0.468043571889612 0.5265179459523909 0.461808661296579 0.4141834407449272
 0.1397363722367292 -0.06666288325817876 0.02509610504158271 -0.03790453136843235 -0.1520537895989966 0.02934532761327284 0.1239734546985302 0.01932465831824291 -0.05117807817783163
 0.529755104168945 0.1713275141227129 0.1533151564503575 0.1439573172275384 -0.01446599840230926 0.3017706605720706 0.323773437881594 0.2955931528018157 0.231457282925153
 0.4226065776745893 0.1652976242080915 0.2262737533727921 0.2090422151093271 -0.1888738720472679 0.2598929407070774 0.4508308015010506 0.2462045791694337 0.240720397847203
 0.02859956463777953 -0.06742686140710376 0.1154476682197193 0.2868834250326073 -0.3174474613829932 -0.02852069975587071 0.2002307210391596 -0.1048219984380066 0.08944749264642844
 0.3356490436147618 0.02159748860115526 0.3062952547195784 0.4702851645268087 0.1183366260965156 0.05867704558322125 0.2812490581326703 -0.01799995470277888 0.104507100061749
 0.2641284210031774 -0.1096627257908825 0.2433252606576342 0.2687481035818144 -0.01810216053183846 0.1545943235084328 0.1154332260298442 0.1300845716389445 0.09003568972029703
 -0.6453407078208768 -0.215745563559917 -0.6878729219994955 -0.1956580293378449 -0.7960479454076728 0.03844933578090796 0.04013265735268962 0.05962938883184653 -0.1074835455587354
 -0.3044711976929561 -0.2359282353508883 -0.07776738752409297 -0.4787602582291971 0.03156739449615577 -0.2335814938892532 -0.6226721145420419 -0.2323579554345875 -0.2283206822886602
 0.04975443963346076 -0.06025548242031246 0.5610436054876 -0.5002265140714341 0.7693279851927816 -0.08477783721483204 -0.6331793682350934 -0.05801734225773056 -0.1453532407592586
