# Created by Octave 3.8.2, Sun Nov 16 23:28:27 2014 Central Standard Time <unknown@MBALearnsToCode>
# name: ffNN_file
# type: class
# classname: class_ffNN
# length: 10
# name: costFuncType
# type: cell
# rows: 1
# columns: 1
# name: <cell-element>
# type: sq_string
# elements: 1
# length: 4
CE-L





# name: func_convertInput
# type: cell
# rows: 1
# columns: 1
# name: <cell-element>
# type: sq_string
# elements: 1
# length: 4
self





# name: inputDimSizes_perCase
# type: cell
# rows: 1
# columns: 1
# name: <cell-element>
# type: scalar
256





# name: normalizeDivide
# type: cell
# rows: 1
# columns: 1
# name: <cell-element>
# type: scalar
1





# name: normalizeSubtract
# type: cell
# rows: 1
# columns: 1
# name: <cell-element>
# type: scalar
0





# name: numTransforms
# type: cell
# rows: 1
# columns: 1
# name: <cell-element>
# type: scalar
2





# name: numWeights
# type: cell
# rows: 1
# columns: 1
# name: <cell-element>
# type: scalar
1033





# name: transformFuncs
# type: cell
# rows: 1
# columns: 1
# name: <cell-element>
# type: cell
# rows: 1
# columns: 2
# name: <cell-element>
# type: sq_string
# elements: 1
# length: 4
tanh



# name: <cell-element>
# type: sq_string
# elements: 1
# length: 8
logistic








# name: weightDimSizes
# type: cell
# rows: 1
# columns: 1
# name: <cell-element>
# type: cell
# rows: 1
# columns: 2
# name: <cell-element>
# type: matrix
# rows: 1
# columns: 2
 257 4



# name: <cell-element>
# type: matrix
# rows: 1
# columns: 2
 5 1








# name: weights
# type: cell
# rows: 1
# columns: 1
# name: <cell-element>
# type: cell
# rows: 1
# columns: 2
# name: <cell-element>
# type: matrix
# rows: 257
# columns: 4
 0.1332892598590621 -0.07544137148677654 0.09947464430785628 0.3482625141995462
 -0.15795449960538 0.2767566801636651 -0.126793526038303 0.01796619735065389
 -0.1822818467578595 0.1808954110465622 -0.1769588401594352 0.0510188240168622
 -0.1138905739806998 -0.04834329712928993 -0.3387677167586032 0.04253658706959256
 -0.2425931243054537 0.141996098932838 -0.1227393884292478 0.03528577510380809
 -0.1172714942879754 0.2082154362228982 -0.003211538670650398 0.02742127009103935
 0.1220298408775164 -0.020296224732221 0.2055227553652252 0.01450006302356248
 -0.01079907220157255 0.00222780917157119 0.03934677922732457 0.005345283851898914
 0.04306517065337634 0.05233034388985662 0.03263077771019273 -0.001980993474539563
 0.119768448169509 -0.1584245222581154 0.1466206711016515 -0.00293152896552411
 0.1903732419633712 -0.2262086367994903 0.2148387625275043 -0.002346779554482612
 0.2283317317493798 -0.2502115740967636 0.2531713339038719 0.002255642156470224
 0.3143619757290903 -0.3402097277608225 0.3146448734874752 0.005625787970402978
 0.2848510044830274 -0.332251287427572 0.259059258019803 0.007749570684492404
 0.2574112360071917 -0.1349417744116214 0.2068801672480199 0.007055907657914418
 -0.05624589936990638 0.2402376678325822 -0.0521122395809049 0.02866205077714231
 0.5059670195160511 -0.6331443667198534 0.5068837758180047 0.03384266652416126
 -0.2526174666696855 0.2474759754026815 -0.1438526622930143 0.04436773750795805
 -0.3132284000790723 0.2029250399333232 -0.3472106980408567 0.1244968652148573
 0.09779066271823014 -0.1644247532757259 -0.2783018086998139 0.1201118274940715
 0.03887840890160754 -0.1661802515279651 0.08665320626848844 0.09552285260851624
 -0.06449217148731846 0.202935981420034 0.290317972618033 0.06821313541610713
 0.1344089500952936 -0.01045574211411539 0.4587922445631187 0.03221224928968879
 0.1481027769427319 -0.03288149826320963 0.3033276538986783 0.005531182494897411
 0.2506270950999355 0.0581805904016574 0.1486169254723621 -0.006902659498132182
 0.04682492194999684 0.06032873342285883 -0.03719153506021031 -0.002854337981499195
 0.1958881930273741 -0.2015340726316651 0.1603446953174797 0.005510242421766422
 0.2044603367109593 -0.3064637765452242 0.316951151780426 0.01593710531857954
 0.1622310034337351 -0.2457209175086582 0.2234809466168306 0.01880394820053349
 0.2887976390680247 -0.186991622950039 0.3040239914568339 0.01854242064629414
 0.2024332780565154 0.07985115696645943 0.2619777493873256 0.04160502494636167
 0.2737474505430907 -0.2044445349163637 0.2459895349279631 0.08442856757262431
 0.2229605324594663 -0.1881049314585378 0.1731088835376557 0.05243127053950259
 -0.09045583425345785 0.02320266822304719 -0.05879365771135087 0.0481958566999483
 -0.1145288879184578 0.16302718225019 -0.2433274451520187 0.1514771327030372
 -0.1384321331483333 0.3956764160090919 -0.3680244894412072 0.1572830218811337
 0.2031166295396192 -0.2335159595895785 0.01526855036928051 0.1112770579105318
 -0.2200838682688177 0.06943148160198448 0.06263439386865935 0.06099876054707768
 -0.04830091239709661 -0.03160744841504036 0.1703656739275081 0.01849883602211201
 0.0830956333323434 0.1458699370325372 0.05668793272951385 -0.004033379075936053
 0.3189437384580531 0.1603805601775359 0.04568666986579548 -0.006759359543529771
 0.2831797924960097 -0.005328165154041521 0.09704697973422531 0.002488574299059026
 0.39014019061363 -0.3842578196354071 0.4062303598023141 0.01655734324996494
 0.1425163643602176 -0.1645746469819702 0.1687537598209965 0.01908426463377022
 -0.06950820431718494 0.03958847375708325 0.02257524358130304 0.01412945929166162
 -0.02211910986076394 0.1598155828023684 0.02241846624082474 0.03461138450777047
 0.1032844253550383 -0.01542326711699471 0.1582456859912569 0.08440513723217084
 0.4310800563139938 -0.3043793466263694 0.3584579170810519 0.08394534527236223
 0.09492441408244448 -0.1211303574850578 0.1160292475633763 0.02951326500227563
 -0.08087735476965187 -0.003300557463456956 -0.1304813906200492 0.05259487491386121
 -0.2340437706755823 0.1259258506114207 -0.120079132693318 0.1787190119677197
 -0.3885795119822651 0.5015356455742729 -0.2864751672058529 0.1822268554187769
 0.09159362602027722 0.02368768981134526 -0.3801327670976935 0.09879961382771436
 -0.02380917689622241 -0.1344114589077382 -0.1828740198581144 0.03498487336635257
 0.1149644044519838 0.02793261804840948 0.09265665726399405 0.002900619883112424
 0.2723955517247204 0.09227221250775247 0.08913980591896582 -0.009103084519230935
 0.3303065871290539 0.113031110327542 0.0525055673499502 -0.0001175734085549731
 0.6838341141531196 -0.543492197366191 0.662283406316357 0.01215783970588591
 0.3560427906610696 -0.4805803803517434 0.5074192059063796 0.01353022971463582
 -0.1823860655810273 0.1472315784778189 -0.05293653096120031 0.01375443488162551
 -0.01870066152352472 0.05665409355975892 0.03531600965518847 0.02482199024194899
 0.007454696498136769 0.05987316587872896 -0.08349431915883011 0.07409566757530758
 -0.05983295770192985 0.1981706521590572 0.02504977859345906 0.08529408738222466
 -0.03377559740349782 0.1542352705267318 0.1016479624591852 0.0647069595053088
 0.1651865051181158 -0.1479040680222032 0.1372979267599491 0.0289095095647198
 -0.04279126000083838 -0.2482770291434732 -0.1107978648313401 0.05679375567596383
 -0.4148058851122486 0.1691290165144429 -0.1607250123457475 0.1963293650736536
 -0.19190936820581 0.1788677216368657 -0.1636067249455361 0.1824804546864814
 -0.06193453737905973 0.2714824942105353 -0.5269547295497768 0.08738586817715506
 0.1396781479585613 -0.4413892149467503 -0.1529783616820209 0.01824892397622991
 0.2175282519102402 0.1193226735450204 0.006549378644397829 -0.004214961212571687
 0.309122063758889 0.3527188200034284 -0.08646395179444417 -0.003067025321444049
 0.607817760171549 -0.2886411383770308 0.4539885655300794 0.008140933632624053
 0.4357382527207417 -0.506780081670603 0.52574277372084 0.00479412296363774
 -0.1836027742911855 -0.007559981083131775 0.02613377410176529 0.005022777976004294
 0.1376396052997759 -0.07848422484214267 0.2619452786342468 0.02069678658147999
 0.2902236474732383 -0.3044193580247824 0.2530821780052773 0.07130918592309138
 0.1105047006592536 -0.1010929726764861 0.231163037851982 0.09060803414896954
