# Created by Octave 3.8.2, Sat Oct 25 17:29:19 2014 Central Daylight Time <unknown@MyPC>
# name: ffNN_file
# type: class
# classname: class_ffNN
# length: 7
# name: costFuncType
# type: cell
# rows: 1
# columns: 1
# name: <cell-element>
# type: sq_string
# elements: 1
# length: 4
CE-L





# name: inputDimSizes_perCase
# type: cell
# rows: 1
# columns: 1
# name: <cell-element>
# type: scalar
54





# name: numTransforms
# type: cell
# rows: 1
# columns: 1
# name: <cell-element>
# type: scalar
1





# name: numWeights
# type: cell
# rows: 1
# columns: 1
# name: <cell-element>
# type: scalar
55





# name: transformFuncs
# type: cell
# rows: 1
# columns: 1
# name: <cell-element>
# type: cell
# rows: 1
# columns: 1
# name: <cell-element>
# type: sq_string
# elements: 1
# length: 8
logistic








# name: weightDimSizes
# type: cell
# rows: 1
# columns: 1
# name: <cell-element>
# type: cell
# rows: 1
# columns: 1
# name: <cell-element>
# type: matrix
# rows: 1
# columns: 2
 55 1








# name: weights
# type: cell
# rows: 1
# columns: 1
# name: <cell-element>
# type: cell
# rows: 1
# columns: 1
# name: <cell-element>
# type: matrix
# rows: 55
# columns: 1
 14.48087688851602
 34.47181304229934
 23.70139355549064
 -100.3667750804627
 -7.595656245042393
 -35.25573930385855
 -187.9747863786316
 -64.6603711997454
 -233.6500186572349
 -110.7282842435529
 241.0502370740763
 262.4358596731697
 252.3956414344016
 -78.25418554049179
 -56.36880468039347
 137.9453461654716
 88.58293314175414
 930.5012356876097
 78.13043736400323
 438.1329489565896
 266.5868239736305
 15.93044171562366
 -1015.719290945421
 -290.9900712417304
 311.3170334004659
 -129.8147795180423
 -370.2605585856253
 195.2283133392768
 384.6060040992358
 36.8917689537621
 -19.7145027267015
 101.4424535940019
 -1165.761461985817
 421.8564429486284
 542.3408857573122
 -197.856134370509
 -583.0459519450584
 594.4862979985033
 -291.6101555896301
 -827.3163290061593
 -574.4284844091842
 352.2108576091102
 -480.347308891516
 165.2862611888803
 -314.4362675154441
 -196.1406808365879
 307.5053300478536
 393.3429182421161
 46.23113496474571
 -1456.002146410294
 -40.67165113703494
 331.3322174317179
 -95.1296496299326
 -679.6034212050927
 192.3922319377767










