# Created by Octave 3.8.2, Sun Nov 16 23:47:46 2014 Central Standard Time <unknown@MBALearnsToCode>
# name: ffNN_file
# type: class
# classname: class_ffNN
# length: 10
# name: costFuncType
# type: cell
# rows: 1
# columns: 1
# name: <cell-element>
# type: sq_string
# elements: 1
# length: 4
CE-L





# name: func_convertInput
# type: cell
# rows: 1
# columns: 1
# name: <cell-element>
# type: sq_string
# elements: 1
# length: 4
self





# name: inputDimSizes_perCase
# type: cell
# rows: 1
# columns: 1
# name: <cell-element>
# type: scalar
256





# name: normalizeDivide
# type: cell
# rows: 1
# columns: 1
# name: <cell-element>
# type: scalar
1





# name: normalizeSubtract
# type: cell
# rows: 1
# columns: 1
# name: <cell-element>
# type: scalar
0





# name: numTransforms
# type: cell
# rows: 1
# columns: 1
# name: <cell-element>
# type: scalar
2





# name: numWeights
# type: cell
# rows: 1
# columns: 1
# name: <cell-element>
# type: scalar
1033





# name: transformFuncs
# type: cell
# rows: 1
# columns: 1
# name: <cell-element>
# type: cell
# rows: 1
# columns: 2
# name: <cell-element>
# type: sq_string
# elements: 1
# length: 4
tanh



# name: <cell-element>
# type: sq_string
# elements: 1
# length: 8
logistic








# name: weightDimSizes
# type: cell
# rows: 1
# columns: 1
# name: <cell-element>
# type: cell
# rows: 1
# columns: 2
# name: <cell-element>
# type: matrix
# rows: 1
# columns: 2
 257 4



# name: <cell-element>
# type: matrix
# rows: 1
# columns: 2
 5 1








# name: weights
# type: cell
# rows: 1
# columns: 1
# name: <cell-element>
# type: cell
# rows: 1
# columns: 2
# name: <cell-element>
# type: matrix
# rows: 257
# columns: 4
 -0.002301774345134151 -0.01163647925969411 0.01372204495034546 -0.04102738730019591
 -0.02613034198107972 0.004615452444818285 0.0232185153052214 -0.01853795533590036
 -0.06283504785783013 0.009301149263017679 0.05875999100636187 -0.0481420976882808
 -0.04642553697819991 0.005451326285713111 0.04259471038191621 -0.04145757363684026
 -0.03174924446112574 0.003812009491532397 0.02515919144781081 -0.03308322692945564
 -0.003747622591799491 -0.002149078764688571 -0.001606089159827923 -0.02082189825058491
 0.02235311704096305 -0.003713336372706414 -0.028040198415998 -0.003817851640256918
 0.03023078161999004 -0.006154327226490574 -0.0321500282935644 0.01170755151764799
 0.02862774784653329 -0.004803841076394274 -0.02772460223240794 0.01976248523590539
 0.03277304986845747 -0.003697926278314732 -0.02607640091349518 0.02413254892111015
 0.03214466762808597 -0.003867181458036535 -0.02675028078164396 0.02641662577159726
 0.0421893761778645 -0.004762098557920435 -0.03145013888409157 0.03691168815655249
 0.06099239225957744 -0.007989318458168002 -0.04796880166218611 0.05408880628950172
 0.08350700727689367 -0.0123978180166109 -0.06379173888565026 0.07374097724655668
 0.08633315021845506 -0.01302817296402552 -0.06707246697923665 0.07506869315193224
 0.01690713809883939 -0.005738092651601887 -0.01091726846723468 0.01719145300190172
 -0.03241111594859643 0.004177314954884252 0.02727042140219208 -0.02876052559208869
 -0.05996706886408263 0.01201275747530551 0.05709614973190374 -0.04370527069124328
 -0.1516955045451278 0.02267156795864726 0.1407731262344188 -0.1240579766649416
 -0.1160846683677907 0.01264142840126534 0.09744254509930207 -0.115743919794532
 -0.05559597517711218 0.003317546965364284 0.03751055931492468 -0.08402773144184802
 0.007732797047492931 -0.006910296934276212 -0.02575509745281671 -0.03778878673393812
 0.06389168657240055 -0.01594282883090388 -0.07520242662996825 0.01510168369809304
 0.09810433337753743 -0.0225434385389833 -0.09983193180183593 0.05194672600752762
 0.1089242060293005 -0.01814482707871558 -0.1011938528112254 0.07656345574117307
 0.1017965076700317 -0.0171053782221205 -0.08541837753912625 0.08058914145628228
 0.09969451349793103 -0.01355357087992149 -0.07934827032387483 0.08965026355592096
 0.1202122407769486 -0.0163731887165077 -0.09088154156784438 0.1126885389897667
 0.155577203288244 -0.01894342328179661 -0.119074318925006 0.1427779089543967
 0.1811184062975244 -0.02477935826873354 -0.1361830682504071 0.1675721883839033
 0.1378856351633314 -0.02263494224853821 -0.09762571935401318 0.1359679365932762
 0.07110058041899694 -0.01947070682693331 -0.05613654219056822 0.05571563393415226
 0.004000793527862062 -0.007188393987040723 -0.008164723360721627 -0.009238728038231192
 -0.06294822855163146 0.009621187151565215 0.06007346700458011 -0.04687920173459816
 -0.1650117289154845 0.02302224058297114 0.1501204100504901 -0.1480107234303058
 -0.1375445912887385 0.01308854180038768 0.1121177849016639 -0.150480551367973
 -0.05622377400996401 -0.0007911317545236957 0.03287235233727481 -0.08451421743573158
 0.01534236295737117 -0.01078519602829521 -0.02622829927140993 -0.01307007616834839
 0.08235951905206738 -0.01981448771492412 -0.08029376721902561 0.04730640439676942
 0.1273835965103392 -0.02125008709490878 -0.1191961207712876 0.08815887680962216
 0.1440025508702973 -0.02390736583170986 -0.1297374367976314 0.1055597828765085
 0.1349135306131916 -0.02149614285625941 -0.1124309458801645 0.1084229418797578
 0.1261960371704788 -0.01687897323064226 -0.09957598228090302 0.1131958777846123
 0.1307982179230062 -0.01749490049539849 -0.09622006257320796 0.1198483927838969
 0.1297061145515064 -0.0153944792240331 -0.0941226313731502 0.1271973852373984
 0.09328886094274456 -0.01412963780159093 -0.05856051880846846 0.1040178831966076
 0.08383877351814399 -0.01627706369357914 -0.06128874059718845 0.08016010961058413
 0.1448032710233592 -0.03132387948948569 -0.1241514909997638 0.1063472166268101
 0.06888975038703271 -0.01623863130629682 -0.06383072292174186 0.049397980224262
 -0.05991480127196529 0.008490533000631711 0.0557454020316702 -0.04502450502976513
 -0.1714262564569235 0.02334790978124717 0.1508572825515253 -0.1649330500828117
 -0.1573896768018136 0.01541045794037037 0.1295380068024534 -0.1696913259385381
 -0.06302079267367756 0.001644032913396778 0.05190744150829361 -0.06802602070810608
 0.01912489002207408 -0.004512982299589611 -0.01234181329849103 0.02026902414236636
 0.09824956140782354 -0.0150931943124641 -0.08501115686323825 0.07538378043579401
 0.1504235543860772 -0.0245573139614357 -0.1349490167106123 0.1086697345921786
 0.1621780254932539 -0.02475549450852884 -0.1429288995677035 0.1183536342842819
 0.1513083224096859 -0.02462525063872831 -0.1293399224076058 0.1191076537774369
 0.1230820079376634 -0.01807696092387998 -0.100711669338254 0.1049396043243449
 0.09443213570883616 -0.01072850909216273 -0.06414225479788371 0.09049907154449154
 0.03684231553172523 -0.006675306391477104 -0.01772284008201084 0.05662460981040096
 0.01073349452729647 -0.009712719792379297 -0.005867237992372137 0.01383092069438685
 0.09351750931154185 -0.02282684920828631 -0.08085143570754369 0.05602482289515814
 0.1814462068712238 -0.0358080578121403 -0.1516700951160854 0.1409147430578637
 0.08955299596975658 -0.01531741023251451 -0.07207768656174973 0.07002184846584962
 -0.04976059595002124 0.006911892444050894 0.04713090867040125 -0.0416694328301989
 -0.1654620620253239 0.01954161441334039 0.141422833758658 -0.1706246968731665
 -0.1569067102547953 0.01365835553295571 0.132922808364159 -0.1602607537474149
 -0.08220462089119762 0.008052691339319112 0.08463659501538412 -0.04923936163428532
 0.03047647634823878 -0.005848730982133278 -0.01223380686783858 0.04612827688203875
 0.1210843534151281 -0.01819700904853758 -0.09971863725081542 0.09322788759510703
 0.1646691645829373 -0.02328745892883053 -0.1470873009728036 0.117897037402908
 0.1768813251730872 -0.02612002079696523 -0.1562350807868232 0.1309547208782092
 0.1573783782986303 -0.02342230766996947 -0.1369401823968407 0.1216312760217446
 0.1072254019913545 -0.01427775919948028 -0.0812822206809114 0.09660605212140695
 0.03369970916102519 -0.006457987165267186 -0.0164203525815602 0.05135120583431513
