# Created by Octave 3.8.2, Sat Oct 18 10:24:09 2014 Central Daylight Time <unknown@MyPC>
# name: ffNN_file
# type: class
# classname: class_ffNN
# length: 7
# name: costFuncType
# type: cell
# rows: 1
# columns: 1
# name: <cell-element>
# type: sq_string
# elements: 1
# length: 4
CE-L





# name: inputDimSizes_perCase
# type: cell
# rows: 1
# columns: 1
# name: <cell-element>
# type: scalar
12





# name: numTransforms
# type: cell
# rows: 1
# columns: 1
# name: <cell-element>
# type: scalar
2





# name: numWeights
# type: cell
# rows: 1
# columns: 1
# name: <cell-element>
# type: scalar
421





# name: transformFuncs
# type: cell
# rows: 1
# columns: 1
# name: <cell-element>
# type: cell
# rows: 1
# columns: 2
# name: <cell-element>
# type: sq_string
# elements: 1
# length: 8
logistic



# name: <cell-element>
# type: sq_string
# elements: 1
# length: 8
logistic








# name: weightDimSizes
# type: cell
# rows: 1
# columns: 1
# name: <cell-element>
# type: cell
# rows: 1
# columns: 2
# name: <cell-element>
# type: matrix
# rows: 1
# columns: 2
 13 30



# name: <cell-element>
# type: matrix
# rows: 1
# columns: 2
 31 1








# name: weights
# type: cell
# rows: 1
# columns: 1
# name: <cell-element>
# type: cell
# rows: 1
# columns: 2
# name: <cell-element>
# type: matrix
# rows: 13
# columns: 30
 7.062042861474435 -14.10397705964601 -8.672694446907718 -2.6142915276977 8.999709281179527 -5.723667673376619 -7.658214151235376 2.220849448448849 -10.23838366860259 9.673289875842004 -7.643354085650561 -0.3843419982167751 -4.626079925949035 -8.935393225601416 3.024662208868949 5.148907038070032 -3.865081263968623 20.91888586571472 10.72960098597604 -10.16110374347054 -10.28264869266765 -0.3101607368417094 -8.606736333123141 -5.851237209353276 -6.535920645736686 -0.1469874992942037 3.361864803707558 -14.33556144765806 5.881090085396166 9.694343397545328
 30.45097269534937 -7.652901850816919 -9.978532303687238 -8.710707008569651 -2.588474178220761 -3.180801594140069 -3.371707303230487 -3.33352816721048 -7.668879069209118 -10.51405898833039 -4.823011846988541 -1.480016337671279 -0.5230548460008259 -6.912680830342459 -11.68837334567362 -18.2606963061964 -8.215954159958413 0.5371178909240666 -0.8580517583831784 -11.92537510500598 -10.9467720050057 -11.55718383120036 -9.78701146737316 -8.193319036348957 -8.951902765111067 -4.757846264126957 -15.81455102664843 -7.541969403645314 -15.82216710641835 2.351621727969319
 -1.215733960268429 -6.665940317023677 -8.293351736310106 -13.29411261653171 5.464267849564222 -5.152437546546926 -13.59899409094556 -3.60984523567839 -8.48360616868951 -9.970855304156077 -5.373961985741828 3.335843379577573 1.79808413101652 -11.72784084422814 -12.38987353298366 -1.580645823265242 -10.73052451519921 3.185242307938795 1.382750610500734 -12.96488966913246 -11.10830401218988 -2.164979643300005 1.763846878437278 -8.416484939522487 -6.960660028174535 -11.15989076511931 3.966464840738137 -9.096851427447112 -6.332117792151953 3.290123368922196
 -1.279622973614153 -9.236742793909521 -8.523086509231234 0.8796133406547973 -0.130072843040479 -2.866619230881086 -8.814203418942837 18.2808322371139 -6.787281563319235 6.150709018953696 -3.659590437631372 0.4357835535009662 -3.610659817957162 -5.100159376110042 -0.5078160144550278 -2.733428121800498 -7.024370719668381 4.25292941495536 -2.563836109901624 -6.22488663237471 -10.03780698565649 -8.941963961545703 -10.73235395760301 -6.593531943240006 -7.635052374132417 -14.62858938192809 -5.304228108046559 -9.871515502723499 -0.4407422977551111 1.560138580067434
 -0.3792649162681115 -7.984936754799552 -8.148925069610165 -9.13003817650374 5.732738434257622 -3.3627721730432 -11.88368711477615 -32.21575897658805 -6.368852050817413 -21.19125034649143 -3.480535046177585 -0.7104661376784079 6.274839473712146 -4.301242529321817 -18.71296736690629 -11.3912940448712 -8.51132018030774 2.72766137239529 -3.76549480453679 -5.796127074886934 -5.96531600355372 -8.26716047414927 -7.437802644755271 -6.157318629880391 11.48028331886539 -6.044310588166459 4.992509987182078 -9.755342716826037 -4.127243053027942 1.846325898236467
 1.03362160485339 -5.948212808933934 -9.941727606911066 -6.547118131948893 4.054702347841601 -3.308458225997359 -6.819397837115456 -34.40096484953703 -7.758771022437218 -34.59348127162728 -5.124572341102877 0.1695367739760933 -13.78631161893539 -8.854266169466769 -21.07448488199797 -0.5390307447477848 -5.12006148268236 2.841820754186556 0.2771802476897943 -7.592536489465099 -9.157001478057502 1.942168829112531 -9.753455305871617 -5.054069098373057 -6.697694857489597 -11.52009344053458 -5.294995388276134 -10.16606032035881 7.529733880517732 1.24906305997212
 -0.9357351631738172 -8.647317897313629 -9.840698476923507 -5.45461109519393 4.347140310041105 -1.848005635167454 -9.51999664251893 -32.72909591409181 -7.534342681933721 -19.37474701619195 -4.669085025220194 3.623309160762842 -4.387074348480818 -7.740741268210084 -8.732978357519436 1.338221698416921 -9.543240820526291 3.932714722848504 -3.324336339869892 -8.739304394984165 -9.816475295722887 -11.54914204767646 -11.08939716186144 -6.766592361581533 -9.729464471699151 2.713906264780772 -7.827974032300189 -10.97198624770829 -4.26920073947985 1.789310518089923
 -5.148358321422115 -6.172090144542464 -3.670361780186192 -4.478643510206161 -2.83619937527003 -5.341989350704447 -10.17258830901041 -4.947850672323047 -8.635671343368612 8.110464820154801 -5.755497823923379 -1.200615017068482 -11.98564750805263 -8.302300494855206 1.98420950320894 -4.082516852818796 -3.369759318697299 7.914650577900046 -32.42075322291985 -7.85161623674949 -6.536382021229798 -13.77786056100773 -5.509341552548157 -7.202124043708984 -4.461905005487415 -19.09255007993546 -17.2308838113694 -10.03955755802128 -31.92076277521661 1.863265671265388
 -0.2186727060831012 -9.833780234193993 -9.489999306847098 -16.03045315963207 5.479846654153685 -4.378680196800028 -10.87666480406708 -36.79333393778133 -6.535474681393808 -30.98927173149838 -3.311790732884694 -0.3093400312852452 -15.15608631679152 -13.09313170572663 -25.09588490519801 -2.903620510132607 -7.801034193601414 3.188284750904515 -33.1046422429447 -7.058780695802145 -7.275147252164416 -11.15170676816844 -10.48474656070274 -6.5212771127686 -15.3894562695355 -25.46987932856965 -13.27954484908595 -8.129232133751154 -27.67773782618307 2.028091250396285
 -1.006787024520557 -9.94689657325463 -8.277001579277174 -16.16383712726721 13.0958069881076 -4.734755810232225 -9.42722235380497 -38.38180626703758 -7.554381568431107 -28.86628550258486 -5.269742228795797 -1.622914559460459 -19.27097839286709 -10.49154241907929 -24.09680386393061 -1.688982567387022 -7.206172064813784 4.652598902110071 -35.90829163412292 -6.427233735519369 -10.46648299961156 -15.21936515033782 -10.52170436334224 -7.197148666193947 -12.53892766600746 -22.99313413427152 -6.380462874761314 -9.149643919558292 -28.1552923895267 2.804886491279311
 -0.2074854383409366 -10.84701568335513 -10.86256759432133 -10.5815902427271 6.776424836890721 -4.106371117290555 -9.674302086664376 -38.76744845219229 -6.58701648611533 -24.68341658684617 -3.355923575585611 1.059287526761793 -19.64367109995974 -13.42542159211365 -24.33445256843066 -14.26590536303384 -7.029160496501849 4.473461991149142 -38.18917614868064 -5.755263592798532 -8.070602525211971 -8.818710565719035 -8.387264289511872 -5.798888164276874 -12.81861408689583 -23.59580786946848 -6.152803510868999 -9.102524570248416 -24.46719218472002 2.440691833334644
