# Created by Octave 3.8.2, Mon Nov 17 14:26:49 2014 Central Standard Time <unknown@MBALearnsToCode>
# name: ffNN_file
# type: class
# classname: class_ffNN
# length: 10
# name: costFuncType
# type: cell
# rows: 1
# columns: 1
# name: <cell-element>
# type: sq_string
# elements: 1
# length: 4
CE-L





# name: func_convertInput
# type: cell
# rows: 1
# columns: 1
# name: <cell-element>
# type: sq_string
# elements: 1
# length: 4
self





# name: inputDimSizes_perCase
# type: cell
# rows: 1
# columns: 1
# name: <cell-element>
# type: scalar
54





# name: normalizeDivide
# type: cell
# rows: 1
# columns: 1
# name: <cell-element>
# type: scalar
1





# name: normalizeSubtract
# type: cell
# rows: 1
# columns: 1
# name: <cell-element>
# type: scalar
0





# name: numTransforms
# type: cell
# rows: 1
# columns: 1
# name: <cell-element>
# type: scalar
1





# name: numWeights
# type: cell
# rows: 1
# columns: 1
# name: <cell-element>
# type: scalar
55





# name: transformFuncs
# type: cell
# rows: 1
# columns: 1
# name: <cell-element>
# type: cell
# rows: 1
# columns: 1
# name: <cell-element>
# type: sq_string
# elements: 1
# length: 8
logistic








# name: weightDimSizes
# type: cell
# rows: 1
# columns: 1
# name: <cell-element>
# type: cell
# rows: 1
# columns: 1
# name: <cell-element>
# type: matrix
# rows: 1
# columns: 2
 55 1








# name: weights
# type: cell
# rows: 1
# columns: 1
# name: <cell-element>
# type: cell
# rows: 1
# columns: 1
# name: <cell-element>
# type: matrix
# rows: 55
# columns: 1
 11.19130780830587
 -5.637621375925233
 21.09226043740469
 -39.87056385318409
 -55.3241119237564
 4.413449220066129
 9.24604064622735
 8.595030603245881
 81.85938128980695
 -7.76335643226937
 36.79191267464634
 16.42062693063678
 -64.627293655683
 60.83907568690255
 -40.60437635168662
 20.51301224781015
 -26.24075584630058
 49.24046375231204
 14.18151010235625
 -54.47426270552932
 -4.616362069874576
 -6.810093850048434
 2.082587318587478
 -14.60889925515189
 52.50349599525038
 -51.66778107209037
 -14.52715927190166
 -12.93692710994328
 -2.767922461495633
 -11.96197620235262
 17.75812435473782
 3.901580154574527
 1.206717241790833
 0.4258774024239401
 -61.23114413778346
 3.304940666080299
 -38.26110995968679
 1.977229210483801
 -5.739581359027599
 22.37632304260745
 -19.19223818187776
 17.39139004213438
 -22.29426662087262
 -39.32927283517557
 0.36258212478142
 -23.08283893847768
 -3.676720018206878
 2.60671350999898
 6.41144131593694
 0.383228943651321
 -3.022420187588481
 -1.866068815522771
 0.1552967586921927
 -56.2528969993657
 7.560210718754731










