# Created by Octave 3.8.2, Sun Nov 23 17:05:56 2014 Central Standard Time <unknown@MBALearnsToCode>
# name: ffNN_file
# type: class
# classname: class_ffNN
# length: 10
# name: costFuncType
# type: cell
# rows: 1
# columns: 1
# name: <cell-element>
# type: sq_string
# elements: 1
# length: 4
CE-S





# name: func_convertInput
# type: cell
# rows: 1
# columns: 1
# name: <cell-element>
# type: sq_string
# elements: 1
# length: 17
pokerHands_expand





# name: inputDimSizes_perCase
# type: cell
# rows: 1
# columns: 1
# name: <cell-element>
# type: scalar
85





# name: normalizeDivide
# type: cell
# rows: 1
# columns: 1
# name: <cell-element>
# type: scalar
1





# name: normalizeSubtract
# type: cell
# rows: 1
# columns: 1
# name: <cell-element>
# type: scalar
0





# name: numTransforms
# type: cell
# rows: 1
# columns: 1
# name: <cell-element>
# type: scalar
2





# name: numWeights
# type: cell
# rows: 1
# columns: 1
# name: <cell-element>
# type: scalar
2890





# name: transformFuncs
# type: cell
# rows: 1
# columns: 1
# name: <cell-element>
# type: cell
# rows: 1
# columns: 2
# name: <cell-element>
# type: sq_string
# elements: 1
# length: 4
tanh



# name: <cell-element>
# type: sq_string
# elements: 1
# length: 7
softmax








# name: weightDimSizes
# type: cell
# rows: 1
# columns: 1
# name: <cell-element>
# type: cell
# rows: 1
# columns: 2
# name: <cell-element>
# type: matrix
# rows: 1
# columns: 2
 86 30



# name: <cell-element>
# type: matrix
# rows: 1
# columns: 2
 31 10








# name: weights
# type: cell
# rows: 1
# columns: 1
# name: <cell-element>
# type: cell
# rows: 1
# columns: 2
# name: <cell-element>
# type: matrix
# rows: 86
# columns: 30
 -2.798858299504505 3.505342570695 -4.4217814340963 1.014141848084345 -1.224778342017518 3.672924079637763 2.229343645153507 1.241335384258166 -1.53371494818491 9.187423285215356 1.396469465867997 -0.2884447528862982 1.346437093220896 -2.272037436295275 -1.408913336188724 -1.361373189797432 -0.3292237726370574 1.553906734968687 -0.5781634383138214 -2.384211883696489 -3.310922725819692 -0.6415175581503477 1.722718455624294 -8.552493213717499 4.192450250149905 -1.411593813466715 0.1578882678345541 2.909546530208119 -1.963604275843679 -1.051681134581709
 0.9984773607365507 -0.6539444638588933 -6.583051835800679 0.06422213578527886 -0.2599171922770679 0.4378111028743971 -0.1585272816840522 -3.395687066567663 1.121673021121425 -3.834335723455607 -0.2642040994019982 0.4324517044393434 0.2425935021973974 0.3805173418892943 -0.2768725421279744 -0.7836017246152701 1.860564248929192 0.4754798504040866 11.06767551008438 0.7644443905779807 1.785722941223008 -1.008032682859174 -0.8541623844667963 3.269256247312252 3.885656216694036 -0.9510814973747623 -0.2098319599019423 -2.164930433176714 7.068368879822325 -0.8663198292578862
 1.699457775785178 -1.268180871467777 -6.547452663038745 0.1553773226801113 0.08293761245851607 -0.0872345132691186 -0.3841774966841824 0.219972177078232 -4.63970588169042 -4.715076169745678 -0.5235575536425999 0.884145150445136 0.1926863602660463 0.4350945864502282 11.02498465889978 -1.075907228468888 -0.4160318727764253 0.3691493585621619 -2.106613360444428 -0.1972591588308403 7.385395325614637 -0.9498371722573252 -1.254828600654789 3.546818152750356 2.668222665206039 -0.8561300843670701 0.6931397714796608 -1.998359641144852 7.780119049764979 -0.7006330218193844
 -1.501199488521033 -0.3795977263278521 -3.018669500955096 -3.683062587919134 0.234254098861637 -0.05217767854867141 0.3459636990461861 -2.035377983108359 1.28768827541161 -3.6589142620826 -3.107273074779795 0.09621554980675198 0.3273332483962172 0.4275220159480042 4.247834666150478 -1.362388340598258 1.180021034153729 0.9393335483786752 0.1234890412051116 -0.2113554581602646 2.19467196894187 -0.8820357615933768 -0.6104548741066249 3.305384943880922 2.272838641397616 0.8755506544650991 -0.5237650586533155 -0.3226418968611711 0.4440765091607142 -0.7079473664811649
 0.8808762394757348 -0.5354369453928677 -6.234838130033292 0.05870362404710824 0.3996876046656595 0.1881745618119798 0.2707985190760029 -1.838198982009135 0.4328465621437749 -4.525856863278508 -5.353184144690458 -0.09159318845191565 0.5399715472045622 0.287542454453684 0.6195597593193113 -1.043844338322072 -0.5747294990102605 0.9012669842605536 1.748863111200399 -0.1727398298467599 0.2596888580144241 21.67442004311168 -0.8991280275512029 3.42511332005933 2.792706204539977 6.660805945966115 -0.7644491445715491 -1.443114547534741 0.2159502975135066 -1.500041799908277
 0.9946046322320022 0.9320531960627793 -5.931426853155696 0.131394319212661 0.1416509512577473 0.5428996784602672 0.1535333989133786 -1.070868089514734 0.9075526307791468 -3.842814831701892 -1.12114912109072 0.475939078740978 0.08684669323556825 9.994262760125375 -0.3374549713996198 -1.332768840487603 0.2510322320715696 0.970006836576436 -0.07164988828888724 -0.3645939815524205 14.94283104132345 -0.9728544505391109 -0.6235140721786926 3.503310787410772 2.517579663391742 0.07934481015060443 -0.159460368977601 -1.014816173265808 -1.631303446940745 -1.159824000584565
 0.8846791969146932 -2.449396769377064 -6.419249346493158 0.009528364136347719 3.417617910547928 -4.272763576986066 -11.81331647373341 -0.6931243371316957 1.259406639341557 -4.363125033660406 -3.585457546335423 -3.241410217759141 -0.3328132059919716 0.2598975703243448 0.7095162092930271 -1.5294770351884 0.7233243243555429 0.9966093657082494 0.07790778215603335 1.213855863528072 0.02590610355092094 -1.450642264455188 -1.03479410162343 3.466878426838455 -0.2713336023895119 0.4223825426816831 1.845137636386151 0.1570782240319062 -0.343496407024492 -0.8886098102256227
 0.9656999628284907 -0.7388495421820382 -6.397087698981133 -2.685171376695918 13.88688795106548 0.01274195653194131 0.2542693589791601 -0.004219419197559002 1.321241712741975 -4.319779426229077 -0.891144310484283 -0.3917508317729574 -0.90838793634648 0.666935828011114 0.9850901920636042 -0.8543629361897398 -0.3914884255032575 0.5177419951683651 6.70948014216658 6.368153581254601 0.4270951511251566 -0.951913551131055 -0.9056807502791774 3.118304159434043 2.708610702044736 -0.6567957711108312 -1.097392894510279 -1.723395269770853 0.09408576224857607 -0.6483126616994718
 1.070347527442195 -2.676866208837452 -6.471863439608695 0.00558292196215125 3.313999031539117 -3.975019763775737 0.09157518848457818 -0.7276496799008378 2.439186848935816 -4.045365674070395 0.1383171375016074 8.904053852720248 0.4759329124043392 0.5820454174360316 0.6908398614658445 -1.06206697146718 1.848222261968754 0.2687961018873715 0.4748421415055408 1.217787338937259 0.3569276501106641 -0.8387697836383841 -0.9161390193032016 3.571473971694593 2.714264156468712 22.72954417317229 -0.2455034052312841 -0.08240854992396826 0.9593009093946264 -0.7392691639611828
 0.6794071203841777 1.049981897251359 4.372978827220739 0.05459292522779401 0.07371934733022166 0.7989128482074519 0.04056029303050951 -0.8009105909594294 -3.839622417365971 0.211898829261747 -0.6321357697070348 0.1008780301170625 -0.05741446661493629 0.6316495198618325 0.06183710226167829 -1.531937261180335 0.1383634697326359 0.9572692803367761 0.1273244111634535 -0.104465560353179 0.4790589607470813 -0.8357792040559296 -0.5166913728057025 3.542523181249343 2.232328181329966 -0.07773387041396304 -0.2877092622244645 -1.404986518240625 0.1085925972549098 -0.5968872467661903
 11.70707698499186 1.137858754934295 -5.757796468397587 0.1992709064869599 -0.05951605465824003 0.7212858588740643 -0.3881592923494883 -1.067905128805006 -3.946982279805527 -4.196106017474382 -0.7440857816331297 0.3344378497752725 -0.009171482085265383 0.6488048287469668 -0.1325589453072496 -1.682037948856872 -0.07303459708166646 1.543281706889344 0.2762870542907095 -0.1525895833423201 0.3538559285413914 -0.8312043002402554 -0.844785946193884 3.508544114935217 -6.265467404359184 -0.1168047929595268 -0.3139016305563476 -1.741324841494134 -0.08118852272038038 -1.242899998901173
