# Created by Octave 3.8.2, Sun Nov 23 16:35:42 2014 Central Standard Time <unknown@MBALearnsToCode>
# name: ffNN_file
# type: class
# classname: class_ffNN
# length: 10
# name: costFuncType
# type: cell
# rows: 1
# columns: 1
# name: <cell-element>
# type: sq_string
# elements: 1
# length: 4
CE-S





# name: func_convertInput
# type: cell
# rows: 1
# columns: 1
# name: <cell-element>
# type: sq_string
# elements: 1
# length: 17
pokerHands_expand





# name: inputDimSizes_perCase
# type: cell
# rows: 1
# columns: 1
# name: <cell-element>
# type: scalar
85





# name: normalizeDivide
# type: cell
# rows: 1
# columns: 1
# name: <cell-element>
# type: scalar
1





# name: normalizeSubtract
# type: cell
# rows: 1
# columns: 1
# name: <cell-element>
# type: scalar
0





# name: numTransforms
# type: cell
# rows: 1
# columns: 1
# name: <cell-element>
# type: scalar
2





# name: numWeights
# type: cell
# rows: 1
# columns: 1
# name: <cell-element>
# type: scalar
2890





# name: transformFuncs
# type: cell
# rows: 1
# columns: 1
# name: <cell-element>
# type: cell
# rows: 1
# columns: 2
# name: <cell-element>
# type: sq_string
# elements: 1
# length: 4
tanh



# name: <cell-element>
# type: sq_string
# elements: 1
# length: 7
softmax








# name: weightDimSizes
# type: cell
# rows: 1
# columns: 1
# name: <cell-element>
# type: cell
# rows: 1
# columns: 2
# name: <cell-element>
# type: matrix
# rows: 1
# columns: 2
 86 30



# name: <cell-element>
# type: matrix
# rows: 1
# columns: 2
 31 10








# name: weights
# type: cell
# rows: 1
# columns: 1
# name: <cell-element>
# type: cell
# rows: 1
# columns: 2
# name: <cell-element>
# type: matrix
# rows: 86
# columns: 30
 6.703962639021121 6.249019842802646 0.02935932770088534 -7.53681569807663 3.729452534114273 2.65878722992879 0.01148319460548175 7.761210682730088 -13.42274070301872 8.021192993631171 -8.101927690034355 -6.503601707148299 -11.45577518365229 -12.37870034623642 -5.268922128140891 5.090714728765033 -7.225532386563662 -7.503492178066696 4.022047598386105 -2.984246510263046 -5.587425184593088 4.228666038380999 -6.338662908593889 8.582464921484618 -4.96975472248881 -3.97103548268112 -1.447358577739102 6.068909843052147 -3.668633731745623 -9.197566707327884
 -1.824459750183608 -1.887259427505315 -1.294996116910026 24.88047152900621 -0.8309287485954983 -0.8213163873586349 -1.517996957621744 -2.432822297396105 3.421649142002924 -2.800826959797218 2.223172548825147 1.939099945014558 3.657285504346957 9.762344396236783 4.280720463045822 -2.39390962357048 2.273409428608101 -5.017702823037706 -0.8466253228750454 0.7360360399346975 2.205045670496327 -1.108556797411619 2.212119657911081 -3.468650631542357 1.186457962562673 1.553650978429395 -0.2131746811907795 -2.410307336938295 9.44864911053077 3.379147346320125
 -2.30685609000912 -1.821486130453871 -2.619318498462876 2.794920876081616 -0.937459197800359 -0.5759439093179213 -1.868791862116176 -2.742239587110833 3.23838398490426 -2.438697997338243 8.215312187904271 7.747779271916408 3.040746899057062 2.745691919906323 0.8337730654790808 -2.125324033325853 1.382170788054372 -7.635780036650758 -1.429611507962476 1.110633875401188 2.311826885426426 -1.182496131606779 2.336404681579199 -14.86659816318809 1.637566735320111 1.047710106721841 -0.04020821891543688 -9.609662030369707 8.322792944195717 4.790783298825577
 -1.617100703829988 -5.564281736049214 -2.296102923307466 2.879355136727166 -1.259333027798861 -21.84386719633501 -1.927773838087806 -2.807724037221342 3.481543806591101 -3.021886741218983 3.019074184340905 2.46224911637781 3.84238738227568 2.37909976602952 0.4806266324831854 -5.174105048010234 25.37728137703953 -6.72211628006428 -1.060839570396847 0.790795932202458 2.327382016222716 -0.999280031810557 2.326411433746583 -13.75798449223324 1.557477383660053 0.5382459114646549 4.665054027569552 -2.4332067245605 7.98914223293789 2.941062148407523
 -13.67719093140298 -1.953212888779712 -1.962190356295426 1.785452055341808 -1.551872502023737 -0.1665735793933899 -1.919090713170441 -2.315986082369727 3.314276324263854 -2.361860518408591 1.934290122704845 1.849185867014 3.029296638533432 4.020121962896027 0.378933003156935 -2.667039034559757 6.866635297207856 -2.854346323821327 -1.316575063047752 0.774814266480357 2.477493530548932 -1.473986849177615 -0.9862100082249996 -1.601244748388672 0.6111426687715305 0.9378150737804443 4.36725407448272 -2.826270108734809 9.101034234131468 5.024929796586868
 -1.835299528004029 -2.240841983351448 -1.781132894465413 2.426757808962177 -0.9512863758226309 -0.6471933032794832 -1.646767190676624 -2.394933041909668 7.975178071483607 -2.731958655949742 2.316486940589856 2.343158270324855 3.370397541098798 2.46194037877614 4.367016791885291 -2.462224509424646 2.289083752886131 5.078912194531994 -1.301941052548249 0.6466362058012264 -0.3555339524838803 -4.657236031810563 2.198348838098078 -3.29894213327722 1.178704021872727 1.007937446620795 -0.4220355534483771 -2.578161124132572 9.142167683611291 3.351234139001087
 -2.582981396869505 -18.91444889598678 -2.232173681686268 2.923691556407905 -5.418873831348652 -0.6823340843485157 -1.893573530998413 -2.862102968660558 5.022243196818281 -3.045338947968882 1.875312203333305 0.2330718976948858 8.145413486942767 4.601026973811424 1.120600844380979 -3.833941109727195 1.612009292086385 -6.35995775635306 -1.18645867892605 0.5316911128971971 1.723175955588995 -0.5688527787551035 2.463748773887008 -2.689575414725693 1.802195300755934 2.103492747108536 -0.1573226384115694 -1.677873056172683 8.824107930090284 5.203401879815203
 -1.71819648210224 -1.809246645855607 -1.33774046628638 2.6566129913983 -1.160054804697716 -2.3893796940994 -1.400203505169804 -2.572661499788229 8.558547096394879 -20.31877001242265 1.714301565212339 2.001909943349575 3.338857540977876 2.584391956558159 4.62379461494688 -2.698464729421668 1.95567890498031 -7.030900699991784 -0.828422869608626 0.6365149730656637 2.458735900414746 -1.046219281034969 2.311077623971393 -2.83623047067355 1.365033692096906 0.9904655610670138 -0.790392737737346 -2.442985247797864 9.496580623169962 3.725940837540881
 -1.83659988669526 -1.904560985123576 -1.553412758582729 2.532788388673147 -0.6219035100086447 -0.7125594748995541 -1.32627419619464 -23.92144398471055 8.451439798025458 -2.911128407614825 1.973439196213247 1.994039913105826 3.868232737254804 2.812027701217277 0.5597820806213311 -2.61049684486237 2.259977446627426 -6.632630901740258 -0.8749432821888625 -0.4153840973674141 2.591311856238693 -1.029650721668786 2.055554519081206 -3.164856227736524 1.321575551452219 1.590094323847105 4.507026831051563 -2.463278159122993 9.215207851399455 3.382981370065408
 -5.365029769181203 -1.590290987754354 -1.256661915288795 3.048563876669057 -0.8937025202841672 -0.3480904066177988 -1.677685092793066 -3.012628738841696 3.931953828141366 -3.181761264462346 2.516376569673088 8.866371457919936 25.34098488106769 2.749964806219193 0.2675926501892849 -3.083897517745542 3.427624816455718 -6.987209804048534 -0.7357593975513806 0.7322513646422385 2.614925438371806 -0.8627032435087191 2.540680810942604 -2.395681071387524 1.753135119955538 1.069729489318017 3.611150763809129 -1.987088924062023 7.748339888620904 2.009733851682757
 -2.343065990059137 -4.854610346559496 -1.260196416897913 2.735535546731786 -1.106509010890278 -0.5750613448379125 -1.304402301184924 -2.697786517072832 4.945191089630179 -2.342174549484141 1.624335050615752 2.068753735379032 4.095568484397952 4.407438499014758 0.3098926138360738 -2.166081209184733 1.900366638292125 -6.944632759492735 -2.339550011210245 1.598242033650168 8.862702036323032 -19.22966861210712 2.307112980426974 -2.927789187359033 1.501706297338697 1.407030039030482 -0.09820377829299093 -2.595225611668685 9.367458217317649 2.947617020278241
