# Created by Octave 3.8.2, Sat Oct 25 15:23:44 2014 Central Daylight Time <unknown@MyPC>
# name: ffNN_file
# type: class
# classname: class_ffNN
# length: 7
# name: costFuncType
# type: cell
# rows: 1
# columns: 1
# name: <cell-element>
# type: sq_string
# elements: 1
# length: 4
CE-L





# name: inputDimSizes_perCase
# type: cell
# rows: 1
# columns: 1
# name: <cell-element>
# type: scalar
27





# name: numTransforms
# type: cell
# rows: 1
# columns: 1
# name: <cell-element>
# type: scalar
1





# name: numWeights
# type: cell
# rows: 1
# columns: 1
# name: <cell-element>
# type: scalar
28





# name: transformFuncs
# type: cell
# rows: 1
# columns: 1
# name: <cell-element>
# type: cell
# rows: 1
# columns: 1
# name: <cell-element>
# type: sq_string
# elements: 1
# length: 8
logistic








# name: weightDimSizes
# type: cell
# rows: 1
# columns: 1
# name: <cell-element>
# type: cell
# rows: 1
# columns: 1
# name: <cell-element>
# type: matrix
# rows: 1
# columns: 2
 28 1








# name: weights
# type: cell
# rows: 1
# columns: 1
# name: <cell-element>
# type: cell
# rows: 1
# columns: 1
# name: <cell-element>
# type: matrix
# rows: 28
# columns: 1
 3.413924370707083
 2.15834230889944
 3.913517448319247
 -4.960859093034816
 -5.062715984370663
 -5.818110439374429
 1.293396630102757
 -1.103373804428435
 0.4346477217418915
 -1.256358543557481
 -4.017835366361896
 1.621374140496357
 -2.581261628549013
 -1.888566975551133
 -3.826543973560195
 -1.029373416154512
 -0.4671267358792179
 2.015212458782333
 -2.112087972483687
 -2.12050087987823
 0.8189623045856774
 -3.801148885041735
 0.8952341439892688
 -0.9043997154772226
 1.197015897821752
 -2.135129215696853
 -1.927293377086352
 -0.5089084401676978










