# Created by Octave 3.8.2, Sat Nov 22 21:54:13 2014 Central Standard Time <unknown@MBALearnsToCode>
# name: ffNN_file
# type: class
# classname: class_ffNN
# length: 10
# name: costFuncType
# type: cell
# rows: 1
# columns: 1
# name: <cell-element>
# type: sq_string
# elements: 1
# length: 4
CE-S





# name: func_convertInput
# type: cell
# rows: 1
# columns: 1
# name: <cell-element>
# type: sq_string
# elements: 1
# length: 17
pokerHands_expand





# name: inputDimSizes_perCase
# type: cell
# rows: 1
# columns: 1
# name: <cell-element>
# type: scalar
85





# name: normalizeDivide
# type: cell
# rows: 1
# columns: 1
# name: <cell-element>
# type: scalar
1





# name: normalizeSubtract
# type: cell
# rows: 1
# columns: 1
# name: <cell-element>
# type: scalar
0





# name: numTransforms
# type: cell
# rows: 1
# columns: 1
# name: <cell-element>
# type: scalar
2





# name: numWeights
# type: cell
# rows: 1
# columns: 1
# name: <cell-element>
# type: scalar
2890





# name: transformFuncs
# type: cell
# rows: 1
# columns: 1
# name: <cell-element>
# type: cell
# rows: 1
# columns: 2
# name: <cell-element>
# type: sq_string
# elements: 1
# length: 4
tanh



# name: <cell-element>
# type: sq_string
# elements: 1
# length: 7
softmax








# name: weightDimSizes
# type: cell
# rows: 1
# columns: 1
# name: <cell-element>
# type: cell
# rows: 1
# columns: 2
# name: <cell-element>
# type: matrix
# rows: 1
# columns: 2
 86 30



# name: <cell-element>
# type: matrix
# rows: 1
# columns: 2
 31 10








# name: weights
# type: cell
# rows: 1
# columns: 1
# name: <cell-element>
# type: cell
# rows: 1
# columns: 2
# name: <cell-element>
# type: matrix
# rows: 86
# columns: 30
 -0.195543103917656 0.1746250669932716 0.2218493751633849 0.6521464139880814 0.6931409423153936 0.3990738315113271 -0.2347550058910446 -0.3930310368398398 0.4485391555424015 0.1810325649796546 -0.1874335171519703 -0.6059553957160526 0.1572539884740738 -0.395353201262874 0.6085272256976264 -0.1689579580951437 -0.1936796540511103 -0.2106469429190304 0.2246325221746302 0.4252928611777705 -0.2596594219040887 -0.4416542797478436 -0.8992802044377559 -0.1698650321765679 0.4648198139058071 -0.4247984499399021 1.491211209757629 -0.1604631807073048 -0.4652041094459637 0.3297328300975413
 0.168491552717763 -0.4045336836130373 -0.1807531755553246 -0.704015784078538 -0.7278801411397021 0.1392139514338011 0.1892467716949849 0.4043216257591696 0.2753112919166186 -0.05210055946188425 0.3006960644707294 1.717179680125852 -0.4376647910539973 1.470194259207816 0.1915663322267357 0.2674626471319739 0.05932172393128385 0.3196932474062719 -0.1163145545686101 -1.956101569847599 0.1105182183313488 -0.09463335658780819 0.5999043473584882 0.05652672649448692 0.2440257575509159 0.8123973363450133 -3.015731877300965 0.1884257344841543 1.481062730648406 -0.719979915169364
 0.2844703845609998 -0.4683450345415953 -0.2545337937439529 -0.3981218912519974 -0.6826243846534881 0.2850200494026832 -0.02163772183987228 0.4818920258548264 0.2447239609739785 -0.08236991811985721 0.5317861560506217 -0.3922712871687318 -0.7911073828605859 -0.2949465918643002 -1.899559651187786 0.2758445503397753 -0.08292547101659703 0.2663469515152641 0.1692707056501127 -1.828674690669428 1.367029651491427 1.010558902308776 0.7010233079423663 0.01184306279436348 -0.5716242765926073 0.8065723517911413 -3.111667094102142 0.2560160522145368 -0.2375566333174252 -0.964142822912523
 0.1694604489085645 -0.1346928438553952 -0.03130161311588522 -0.63274467014118 -0.6004458646834783 -1.454754145449315 0.5261349159076322 0.3675790165164924 -1.600670519771061 -0.3547733878363696 -0.1312717046098129 -0.2846435261349617 0.1296032440551436 -0.04408831830101746 0.1620537776752236 0.252730459774581 0.4925050211774133 0.5824927704777498 -0.9718118518977669 -2.019679573348939 -0.3607947520843791 0.001999784654276665 0.4303202002525423 0.343256337054884 -0.6263948373938429 0.4498279734810046 -2.429026352961171 0.4587865783368265 -0.262986000966397 0.1831119422036243
 0.06136996634536647 -0.1498601893806394 -0.07199070287524881 -0.658076023626004 -0.5418816986090828 -1.814858350317075 0.3152100234033612 0.3753932843500321 0.1684686535167287 -0.1995989896829026 0.005080688904450236 0.3789346970862841 0.07173126510064641 1.412249647542885 0.1711437112661686 0.2039726490329297 0.1474042627784424 0.3731385906288198 -0.63216301997889 0.1186609427221217 1.595416382584402 1.244585672256896 0.4805153408689781 0.1045758763167029 0.5440570946961564 0.7124940338591629 -1.304264290799298 0.3235010879457797 -0.04141291908462155 -0.410718771116295
 0.109207592529218 -0.4611897672346357 -0.1538177356703262 -0.8488611880570212 -0.459613398621991 0.1204189166366265 -0.1901249410169212 0.3184918856776218 -1.706177366876681 0.2941746538960433 0.5264504353459551 1.438967507901608 -1.279449966599181 -0.02017700368213857 0.0841566899806683 0.1677631188123153 -0.1388872770388993 -0.0271891833540463 0.5651889979252743 0.1848556487241808 -0.2290984155023606 1.679732006984989 0.4135569884495592 -0.07418511725288623 0.2424332048236001 0.6650061910603975 -0.5424533325825862 -0.06813157442954604 -0.02666296781822996 -1.060246128436696
 0.1504044054909228 -0.09787335228782638 -0.03170640839579059 0.4871000076378705 -0.4348783583545316 -0.01909920436316302 0.4647073884984865 0.2415184829004269 0.1572093369986308 -0.4568780905035021 -0.1866065296679417 0.5314659327495039 0.4775782522231931 1.576758787839431 -0.2302579574417134 0.1659840194764192 0.4475563056322139 0.7071170103982128 -1.205945803345407 -0.01469027154734781 -0.5153003857201244 1.631964138638633 0.1188360307354535 0.3068778480701134 -1.875344973282604 -0.6025468406772407 -0.09059013412238826 0.5722109494211169 0.2688776989322416 0.3006754085079001
 0.2059521900862799 3.238234836227316 -0.1754349904007716 -0.1460784899202738 -0.5082178761676349 -0.02521305356167496 0.376509252333568 0.3537696484327749 -0.06332693220736485 -0.1811043929555783 0.192719347860534 0.2349979081610887 -0.3266098094009154 0.0832277616455956 -0.0543982146027801 0.5043332518353915 0.2706549954945487 0.4709822581724388 -0.4225727169860775 0.003660067522596629 0.139642252832027 -0.0009240743509498343 0.3829488149051827 0.1693621703132705 -0.1342972983207177 0.4118679460941023 -0.09846858046913964 0.2663535934821839 0.01085150175205147 -0.4330671787187884
 0.2185289408250538 -0.4854084605547397 -0.2061202383808829 -0.3145432938742959 -0.3637322362624462 -0.005025784058813239 0.3262873924952717 0.3408170759450875 -0.04347655967248484 -0.2941305775214441 0.2319607709394166 0.1265865150600127 -0.3630228070733694 0.1027550722623693 -0.1097103581197266 -3.190102313581366 0.1358435037907114 0.4197394711793224 -0.5088887309860175 -0.03364048005715986 0.06203725041682115 -0.02205973591787979 0.2967544541148275 0.187594533427755 -0.1139681323682659 0.6767787248983722 0.1200294016431844 0.2951148957052082 0.03972846683002866 -0.5629400893341571
 -0.2170593578831093 0.07307821352832171 0.2073556262234578 -2.048843575924633 -0.4941520089085791 0.145613611803725 0.8927135552280828 0.2809147187211303 -0.2601393378556448 -0.2479669075504768 -0.1876004086174929 -0.1114984696208498 0.3784461368173678 -0.4468531881875108 0.04628001206733906 0.2542397811620212 2.068787556086724 0.9558206585344931 -1.354299368801843 0.07881364188459229 0.9469006337853131 0.4457915562261841 0.4638126490063149 0.6974022020693966 -0.5431780953645193 0.3522440495418239 -0.1671939481083373 0.3212725265452997 1.656081628444655 0.9931568952811874
