# Created by Octave 3.8.2, Thu Oct 23 02:33:06 2014 Central Daylight Time <unknown@MyPC>
# name: ffNN_file
# type: class
# classname: class_ffNN
# length: 7
# name: costFuncType
# type: cell
# rows: 1
# columns: 1
# name: <cell-element>
# type: sq_string
# elements: 1
# length: 4
CE-L





# name: inputDimSizes_perCase
# type: cell
# rows: 1
# columns: 1
# name: <cell-element>
# type: scalar
6





# name: numTransforms
# type: cell
# rows: 1
# columns: 1
# name: <cell-element>
# type: scalar
2





# name: numWeights
# type: cell
# rows: 1
# columns: 1
# name: <cell-element>
# type: scalar
97





# name: transformFuncs
# type: cell
# rows: 1
# columns: 1
# name: <cell-element>
# type: cell
# rows: 1
# columns: 2
# name: <cell-element>
# type: sq_string
# elements: 1
# length: 8
logistic



# name: <cell-element>
# type: sq_string
# elements: 1
# length: 8
logistic








# name: weightDimSizes
# type: cell
# rows: 1
# columns: 1
# name: <cell-element>
# type: cell
# rows: 1
# columns: 2
# name: <cell-element>
# type: matrix
# rows: 1
# columns: 2
 7 12



# name: <cell-element>
# type: matrix
# rows: 1
# columns: 2
 13 1








# name: weights
# type: cell
# rows: 1
# columns: 1
# name: <cell-element>
# type: cell
# rows: 1
# columns: 2
# name: <cell-element>
# type: matrix
# rows: 7
# columns: 12
 -0.001366463159166618 -1.612267682334804e-005 0.0007024265436727372 0.0006150490586096786 0.0003875560421996168 -0.0008997714313835781 -0.0008928015977854177 -0.0001472491386369641 0.001222176119905649 0.0009659723568800363 0.001348811880752447 -2.469733289286461e-006
 -0.0005731056748476413 -0.0006918411401151244 6.166470781635456e-005 -3.13896551559985e-005 -0.000617083232350786 0.0009603891209189927 -0.001601548806036967 -0.0001110590964533981 -0.001542108194752987 -0.0005652940199381006 0.00114456666077047 -0.0003195395517078679
 -0.0002907467192515862 -0.001803233983296685 -0.0006494890690300245 0.001504195428199149 0.0001994086384312274 0.002573328432200411 0.001891467221199426 0.001209845906355458 -0.0002303826536583326 -0.001146168203993581 -0.001957437935667665 -0.00116459407209038
 -5.179060064956558e-005 -0.0001974036226274768 0.002344871546688753 0.000536543140058039 0.0001625218496447024 7.077836513743853e-005 0.0004573902158372606 0.0003204771711021277 0.00035692443878169 -0.0009610555975070597 -0.001925835413563545 -0.0003319044706069935
 -3.871529591600666e-005 -0.001006263332330462 0.003311100673015233 -0.001014934153855921 -0.0003297612009265134 -0.00081426496191804 0.0002770694983362266 -0.001203267198255726 -0.0008143835882099829 0.0004749750361451114 -0.0008547079909316383 -0.0005037131587458421
 0.0005640635339333025 0.002534070532686855 -1.916125439167265e-005 0.001470198765228013 0.0001013326774197951 -0.000662418884234868 -0.0004385709934682143 0.0008745441981919683 0.0002779555515841015 -0.001109765159692617 0.001389713321342125 0.0001665035813724731
 -0.0002092843695581655 0.0005616735523180971 0.0002513903557509204 0.0001001048919013071 0.001350664716661965 0.0004565761172323608 0.0002580176788763569 0.0007767364934183918 -0.002514935737316995 0.001298134020530947 -0.001367947044199683 -0.0005495758406919688



# name: <cell-element>
# type: matrix
# rows: 13
# columns: 1
 7.030964687323988
 -0.7251240386796007
 0.4346294973196054
 -3.198725031738781
 -0.04097266506811404
 -3.754052792929295
 -3.221186438209372
 -2.537341242950452
 -2.178585829234048
 2.555068332174435
 -4.913357501272888
 2.663921727508628
 -0.9229622299136945










