# Created by Octave 3.8.2, Mon Nov 03 21:47:25 2014 Central Standard Time <unknown@MyPC>
# name: ffNN_file
# type: class
# classname: class_ffNN
# length: 9
# name: costFuncType
# type: cell
# rows: 1
# columns: 1
# name: <cell-element>
# type: sq_string
# elements: 1
# length: 4
CE-L





# name: inputDimSizes_perCase
# type: cell
# rows: 1
# columns: 1
# name: <cell-element>
# type: scalar
12





# name: normalizeDivide
# type: cell
# rows: 1
# columns: 1
# name: <cell-element>
# type: scalar
1





# name: normalizeSubtract
# type: cell
# rows: 1
# columns: 1
# name: <cell-element>
# type: scalar
0





# name: numTransforms
# type: cell
# rows: 1
# columns: 1
# name: <cell-element>
# type: scalar
2





# name: numWeights
# type: cell
# rows: 1
# columns: 1
# name: <cell-element>
# type: scalar
281





# name: transformFuncs
# type: cell
# rows: 1
# columns: 1
# name: <cell-element>
# type: cell
# rows: 1
# columns: 2
# name: <cell-element>
# type: sq_string
# elements: 1
# length: 4
tanh



# name: <cell-element>
# type: sq_string
# elements: 1
# length: 8
logistic








# name: weightDimSizes
# type: cell
# rows: 1
# columns: 1
# name: <cell-element>
# type: cell
# rows: 1
# columns: 2
# name: <cell-element>
# type: matrix
# rows: 1
# columns: 2
 13 20



# name: <cell-element>
# type: matrix
# rows: 1
# columns: 2
 21 1








# name: weights
# type: cell
# rows: 1
# columns: 1
# name: <cell-element>
# type: cell
# rows: 1
# columns: 2
# name: <cell-element>
# type: matrix
# rows: 13
# columns: 20
 -0.3165206805977898 -0.2432384670513988 -0.726737046852384 -0.8520490408768161 -0.2598494558970257 -0.3989357609697187 -0.8525181605172221 0.1855115074082382 -0.06011407290531066 1.11637948485757 -0.7479684789644495 -0.2625276964077285 -1.071520867059542 -0.2990408162917423 -0.8230533728006388 -1.106537740569193 -1.04318933646484 -0.187459721892674 -1.01142508448694 -0.8114306648754459
 0.02731747603684195 0.02123949086626886 0.07066678160719611 -0.03926028810292073 0.02309451177541288 0.03741426348950792 0.08329286959690989 -0.01725093044260913 0.005470531367019493 -0.09834873981019601 0.07343821808360985 0.02280870177829911 0.0986947837308767 0.02560832762290983 -0.05225812875340089 0.07659251514983802 0.09929904042009219 0.01625951890941252 0.09720998174334555 0.07979480857522922
 0.03229833202380492 0.024658224837421 0.0808385342481493 -0.03472335174917097 0.02764520851216192 0.0406892029290214 0.09482481131750063 -0.01931333353048974 0.006443265938450664 -0.1116928929611797 0.08298352304112884 0.02689583339250705 0.112296751310392 0.03284008780404499 -0.04825627570709947 0.08842208913212976 0.1125682810849323 0.01912926661621403 0.1104996357080653 0.09044727342042856
 0.02688743843275071 0.02267738025183742 0.06940846824682063 -0.03778032580775886 0.02229732126573902 0.03659774998261488 0.080893365788649 -0.01694910756125427 0.004700313098765198 -0.09612318219199208 0.07141302891081343 0.02074174769537398 0.09611095815176947 0.0270271243960438 -0.05081954187997206 0.07566748407336882 0.09628762214550811 0.01640780230167043 0.09447343489394178 0.07836691310268151
 0.03655017330356528 0.02554534325095923 0.08924182476170353 -0.02927837728361982 0.02854029170959067 0.04585971285009848 0.1041159595128811 -0.01931934577814927 0.008235253330637498 -0.1249897840956477 0.09075182990994465 0.02821335043837737 0.124176419745959 0.03369287822014799 -0.04411665524201168 0.1028900998190691 0.1239168110841026 0.02003120695851177 0.1211864450637186 0.09913003088641181
 0.03476134102126049 0.02591129287250968 0.08470655856607422 -0.02472832278161212 0.02544922997339699 0.04307461363119839 0.1004676733742627 -0.02030490415050417 0.00566570951340565 -0.1231732045211369 0.08763317042378392 0.02774155167060378 0.1217804924644152 0.03086762217107564 -0.03865527286351708 0.1020097145662002 0.1210076252682107 0.02022267677313154 0.1184388194294901 0.09599650327249591
 0.03137084954923084 0.02468509426580983 0.0812832820346172 -0.03169180983863189 0.02803128609114742 0.04247755794824617 0.09447875477605416 -0.01841771865069267 0.006253014797943144 -0.1123019163386716 0.08351665526591641 0.02881288882220732 0.1122146951389706 0.03043677384771937 -0.04556250469224383 0.09100120559692496 0.1124836426031392 0.01937506497862123 0.1100352758736826 0.09041789649331469
 0.03587702159689764 0.02472308034263198 0.08451405210238254 -0.02986640334343551 0.02730727632245137 0.04409238584170621 0.09804214942994897 -0.01985216037338561 0.006338729191985361 -0.1166926068408731 0.08621827629507749 0.02941173463707649 0.1164937163430294 0.03162912780123727 -0.04373859677989204 0.09552575068515398 0.116124643819707 0.01864143909039119 0.1138854586040741 0.09354182926365232
 0.03298224592374698 0.02783027840289818 0.0821986253991769 -0.02840211124796979 0.02782524498474927 0.04299075995130093 0.09525218212284479 -0.01923847839259449 0.005754340318206271 -0.1127256370283385 0.08383761918979107 0.02722250507968473 0.1126713816985574 0.03045668079707249 -0.0415438455718226 0.09029929427291987 0.1130807760034128 0.02055775426542509 0.1106790753913576 0.09155057612164784
 -0.07875683078047484 -0.06165675900233544 -0.1706802050145686 0.2108082974341355 -0.06457786001670499 -0.09875049913923761 -0.1932676438197979 0.04419927766032599 -0.01335566594920031 0.2023046277198241 -0.1738689358115427 -0.06586722632779136 -0.2122321280141209 -0.0748769024279667 0.2414812603449021 -0.1189780034226344 -0.2185412836799556 -0.04835293556252883 -0.2165583580920259 -0.186546502329902
 0.2816957433615153 0.2157544205225819 0.6593642284813376 1.72768570672389 0.2298719602582108 0.3572110515393367 0.77990659175225 -0.1619748932830042 0.05393453086457747 -1.105160358932018 0.6807894906536482 0.2345603400888743 1.026176210510811 0.2674024702821486 1.770662878447523 1.272027488222846 0.975911731951661 0.1687191822085225 0.9387891596230667 0.7380406212333281
 -0.3272938778234544 -0.2521025405549799 -0.7605604895759495 -1.529075283890299 -0.2690138788635589 -0.4152843460452084 -0.896020225439469 0.1881714845941498 -0.06093975439194969 1.227998441550246 -0.7839083037952261 -0.2726595598225452 -1.156673858188101 -0.3129019118950598 -1.549296987123788 -1.330732728034105 -1.109297319924212 -0.1938247614221215 -1.07163439299003 -0.850868915088819
 0.7412230634569629 0.5739789354279901 1.667957032437207 3.068408966610988 0.6124833494989704 0.9338672370599707 1.946426208456633 -0.4339961789971551 0.1416222870314451 -2.604577594514495 1.71637277911865 0.6168776658680349 2.467129065468224 0.7057100091344395 3.097569481954225 2.780200455323122 2.378245493579363 0.4448994046324777 2.302416336444751 1.853895928128729



# name: <cell-element>
# type: matrix
# rows: 21
# columns: 1
 0.5422962314774949
 -0.7841528744509154
 -0.6047920869941887
 -1.806503627983279
 -3.824920599345192
 -0.6453885050139021
 -0.9912824357157556
 -2.128398838671157
 0.4562994451784166
 -0.1486730705613618
 2.938291336190953
 -1.86183041844972
 -0.6517455227859843
 -2.759973377353602
 -0.7456835598375894
 -3.899863014873337
 -3.199709703957894
 -2.646837348095073
 -0.4679727223209595
 -2.553349939796586
 -2.020234659051289










