# Created by Octave 3.8.2, Sun Oct 26 22:09:16 2014 Central Daylight Time <unknown@MyPC>
# name: ffNN_file
# type: class
# classname: class_ffNN
# length: 9
# name: costFuncType
# type: cell
# rows: 1
# columns: 1
# name: <cell-element>
# type: sq_string
# elements: 1
# length: 4
CE-L





# name: inputDimSizes_perCase
# type: cell
# rows: 1
# columns: 1
# name: <cell-element>
# type: scalar
12





# name: normalizeDivide
# type: cell
# rows: 1
# columns: 1
# name: <cell-element>
# type: scalar
1





# name: normalizeSubtract
# type: cell
# rows: 1
# columns: 1
# name: <cell-element>
# type: scalar
0





# name: numTransforms
# type: cell
# rows: 1
# columns: 1
# name: <cell-element>
# type: scalar
2





# name: numWeights
# type: cell
# rows: 1
# columns: 1
# name: <cell-element>
# type: scalar
281





# name: transformFuncs
# type: cell
# rows: 1
# columns: 1
# name: <cell-element>
# type: cell
# rows: 1
# columns: 2
# name: <cell-element>
# type: sq_string
# elements: 1
# length: 8
logistic



# name: <cell-element>
# type: sq_string
# elements: 1
# length: 8
logistic








# name: weightDimSizes
# type: cell
# rows: 1
# columns: 1
# name: <cell-element>
# type: cell
# rows: 1
# columns: 2
# name: <cell-element>
# type: matrix
# rows: 1
# columns: 2
 13 20



# name: <cell-element>
# type: matrix
# rows: 1
# columns: 2
 21 1








# name: weights
# type: cell
# rows: 1
# columns: 1
# name: <cell-element>
# type: cell
# rows: 1
# columns: 2
# name: <cell-element>
# type: matrix
# rows: 13
# columns: 20
 1.965216422223057 1.946754969248577 1.960882406946087 1.880177520010683 1.949403598814259 1.979432624613491 1.972811258520724 1.959620553424728 1.933952064196921 1.955108166776063 1.960535802431253 1.982716842295956 1.908060486687821 1.907942057186731 1.968197527410243 1.912872190590774 1.907753928818895 1.947811566274484 1.958701390829017 1.957855321900116
 -0.003096217204985136 -0.008648513296484608 -0.004864454173767607 -0.02176608839512637 -0.01496371797991423 -0.001840298325918891 -0.008806556244258815 -0.006606642372366861 -0.01314527162995772 -0.004710837316018307 -0.01007772135310844 -0.003407936677070681 -0.01641340702506421 -0.01181779201274903 -0.006833926998275019 -0.01433579206588338 -0.01263432163628179 -0.01154434264659648 -0.006429966888609345 -0.006934534276670484
 0.0007388455005571054 0.02205526893151656 0.004974762598033137 0.03736935184283487 0.03361765108730505 -0.002358974511684202 0.02134618789702637 0.015736915355657 0.02810595709183421 0.005725626157967933 0.02431217907153096 0.0006919653539653762 0.03108072173023907 0.02652505856217195 0.02026667624080031 0.02887756800290404 0.02590352633341403 0.02753210268807666 0.01685588324596703 0.01876424074252744
 -0.003436135100537393 0.05484664783394695 0.003542274554414295 0.1023434852936125 0.09209205112682595 -0.00896017129140945 0.05730918905543049 0.03881325093939565 0.07381198794744981 0.007907081785835272 0.06899053474967938 0.000424967408543741 0.08231925829501752 0.06808745298434588 0.05033872082504509 0.07460941429959181 0.06625971922809358 0.07817452711748502 0.04321603940925473 0.04990976439533012
 -0.02478673598131684 -0.06428317012373755 -0.02964132526179549 -0.1007702510357696 -0.09274416612403052 -0.02203821091702205 -0.06804292161328683 -0.05181805754474699 -0.07677792063746119 -0.03239243996374619 -0.0735799205025873 -0.02989049571187061 -0.08393375875195405 -0.07148013522761971 -0.05905695824526379 -0.07848372187267759 -0.07045838683374384 -0.0807754121681124 -0.05561828271035829 -0.05854163922975232
 -0.03001236865181244 -0.157373984686046 -0.05396766171677797 -0.3056369647863462 -0.2449691067649687 -0.0191478692127259 -0.1591946936991006 -0.1344379909237504 -0.2286868760912588 -0.06626865824365598 -0.1998226541640431 -0.02848250402820669 -0.2555302853830534 -0.2092838441575694 -0.1526909309288957 -0.2318954786571149 -0.205053317814536 -0.2187844280897224 -0.1286847523435566 -0.1607015143437686
 -0.03702035584048195 -0.1724108965476586 -0.04814546118268494 -0.2995913173455242 -0.2634705837554878 -0.02542642884322627 -0.1652754839017433 -0.1335445426619782 -0.2173123628405988 -0.05347109289890579 -0.1999628377956407 -0.03593717557726932 -0.2376248323791803 -0.2105010075550283 -0.1589658495055146 -0.2200013426713037 -0.1953029559380425 -0.2176834472248239 -0.1375920840293826 -0.1543119899698436
 -0.244625500796805 -0.5521032820155913 -0.2860559243612285 -0.8584124033178989 -0.75668905710469 -0.2174218384485329 -0.5496336373812217 -0.4777248523010761 -0.6799906438135064 -0.3067899191726399 -0.6309783911636666 -0.2457512220875547 -0.7327814666269402 -0.6491536743272434 -0.5300202751098824 -0.6866603759186078 -0.6290302407634449 -0.674302160126822 -0.480093631622032 -0.5322994556539279
 -0.9874760336731964 -0.731767398984962 -0.9471211474625099 -0.5090901167185853 -0.614201830363077 -1.003741256170655 -0.7334565764218047 -0.7673080089031923 -0.6485552829720465 -0.9190803304872561 -0.6807194199336676 -0.9806326265695544 -0.6079070842335781 -0.6688679357996997 -0.7600632614546062 -0.6275552024538796 -0.7069291213151649 -0.6666404438863843 -0.7945781081011305 -0.7448625555675272
 -1.303647130936676 -1.370040680269097 -1.307384050202985 -1.459999964583102 -1.462252249095662 -1.290297777767166 -1.368891286226114 -1.328040444489354 -1.418232775266644 -1.301102449615651 -1.40005242250337 -1.297503449134253 -1.431496935120713 -1.40726764003636 -1.375839872959236 -1.403771378035974 -1.425234561425913 -1.430766138730556 -1.358519999194353 -1.362676504923845
 -2.335480901565409 -2.215957931351028 -2.319780082019929 -2.064946359672615 -2.121534774873812 -2.365140146036054 -2.236862532399234 -2.270909157516098 -2.150564358887836 -2.317248845386422 -2.191686155968621 -2.356435315446973 -2.116860407747636 -2.144312633222525 -2.22893455202275 -2.147730511098326 -2.128411675054041 -2.152258800566642 -2.242889574025352 -2.231966294189559
 2.336508110985962 2.279041789418129 2.327942621204074 2.193911142375839 2.250572978625853 2.357028192066171 2.302705734368907 2.303433456255599 2.256197401648351 2.32769906061535 2.281219383479209 2.353457751002174 2.223431420909627 2.234115955560434 2.300150645395473 2.2391943266352 2.231229330270255 2.261851335177401 2.295637836591748 2.294301893546171
 2.351097376548444 2.294294267724446 2.341623064875216 2.210402866509148 2.26512165563742 2.371337505140116 2.316638206891196 2.321107535075329 2.268271964296699 2.336808921746902 2.294434157590363 2.363594407438035 2.239881364963471 2.248370132107977 2.311721456194854 2.256947876978128 2.248367835137353 2.276295922619119 2.313987669215426 2.308975903723678



# name: <cell-element>
# type: matrix
# rows: 21
# columns: 1
 -14.81976347517824
 3.481856953896006
 3.39992609514234
 3.46483682715288
 3.312994123945541
 3.38904462929475
 3.511403766225848
 3.433056741102837
 3.427711230447767
 3.374083954075992
 3.456197073816439
 3.409431432785313
 3.505706416558136
 3.33933040364195
 3.342712838564308
 3.427460229847414
 3.350622882051792
 3.341343199198104
 3.38990209587747
 3.423538743022611
 3.417182188770146










