# Created by Octave 3.8.2, Wed Oct 15 18:16:55 2014 Central Daylight Time <unknown@MyPC>
# name: ffNN_file
# type: class
# classname: class_ffNN
# length: 7
# name: costFuncType
# type: cell
# rows: 1
# columns: 1
# name: <cell-element>
# type: sq_string
# elements: 1
# length: 4
CE-L





# name: inputDimSizes_perCase
# type: cell
# rows: 1
# columns: 1
# name: <cell-element>
# type: scalar
6





# name: numTransforms
# type: cell
# rows: 1
# columns: 1
# name: <cell-element>
# type: scalar
2





# name: numWeights
# type: cell
# rows: 1
# columns: 1
# name: <cell-element>
# type: scalar
97





# name: transformFuncs
# type: cell
# rows: 1
# columns: 1
# name: <cell-element>
# type: cell
# rows: 1
# columns: 2
# name: <cell-element>
# type: sq_string
# elements: 1
# length: 8
logistic



# name: <cell-element>
# type: sq_string
# elements: 1
# length: 8
logistic








# name: weightDimSizes
# type: cell
# rows: 1
# columns: 1
# name: <cell-element>
# type: cell
# rows: 1
# columns: 2
# name: <cell-element>
# type: matrix
# rows: 1
# columns: 2
 7 12



# name: <cell-element>
# type: matrix
# rows: 1
# columns: 2
 13 1








# name: weights
# type: cell
# rows: 1
# columns: 1
# name: <cell-element>
# type: cell
# rows: 1
# columns: 2
# name: <cell-element>
# type: matrix
# rows: 7
# columns: 12
 -69648.66765911784 46411.62695944605 -13381.46390704539 -12989.23235682093 19362.80217060988 89990.38757442063 98879.25432845135 -19240.73146769823 40241.87503060525 -26634.13014837656 1050848.735734556 -7836.289796919231
 -116259.8163340215 77471.74431650602 -22336.76239256427 -21682.03654732788 32321.01963569177 150214.7926188741 165052.3659744197 -32117.25136388275 67173.00416558706 -44458.52561464912 1754110.190021381 -13080.57130249786
 -173720.6789629201 115762.1027360901 -33376.63292034071 -32398.35003274147 48295.59898645855 224458.1253512597 246629.3530109577 -47991.08010705129 100373.1371617339 -66432.00820902477 2621073.142200361 -19545.60921985686
 -87363.17984962717 58215.90567614709 -16784.90224593764 -16292.89649764005 24287.5038566586 112878.4650664333 124028.1031513306 -24134.39558650653 50476.94162264542 -33408.22571563574 1318121.341678879 -9829.358741023987
 -15093034.40320709 10063885.75765621 -2901189.168410317 -2816578.785604251 4199044.544525747 19510785.54376594 21434008.97509636 -4172063.509862219 8726201.52963192 -5775217.591985817 227831031.8106965 -1699714.684453726
 -69971.51285803763 46626.62907752779 -13443.45498770493 -13049.40541293882 19452.49438074385 90407.31214315603 99337.33186302634 -19329.86054662239 40428.30262517509 -26757.5133432392 1055717.718516552 -7872.588108415466
 -21936.03142788996 14617.37756449925 -4214.507174378966 -4090.966280125641 6098.325521794514 28342.57164821457 31142.14225289841 -6059.880109620806 12674.210267503 -8388.436190758062 330965.8976312328 -2468.043907812059



# name: <cell-element>
# type: matrix
# rows: 13
# columns: 1
 2.124523713462612
 -7.611069640883914
 -0.5718300842816979
 -7.614489384041883
 -7.618635828087315
 -0.5844058486408836
 -0.5714880716116115
 -0.56891989732947
 -7.619311967455427
 -0.5777104946163292
 -7.599326274575848
 -0.5780095284723326
 -7.623570203737181










