# Created by Octave 3.8.2, Thu Oct 23 11:52:36 2014 Central Daylight Time <unknown@MyPC>
# name: ffNN_file
# type: class
# classname: class_ffNN
# length: 7
# name: costFuncType
# type: cell
# rows: 1
# columns: 1
# name: <cell-element>
# type: sq_string
# elements: 1
# length: 4
CE-L





# name: inputDimSizes_perCase
# type: cell
# rows: 1
# columns: 1
# name: <cell-element>
# type: scalar
12





# name: numTransforms
# type: cell
# rows: 1
# columns: 1
# name: <cell-element>
# type: scalar
2





# name: numWeights
# type: cell
# rows: 1
# columns: 1
# name: <cell-element>
# type: scalar
421





# name: transformFuncs
# type: cell
# rows: 1
# columns: 1
# name: <cell-element>
# type: cell
# rows: 1
# columns: 2
# name: <cell-element>
# type: sq_string
# elements: 1
# length: 8
logistic



# name: <cell-element>
# type: sq_string
# elements: 1
# length: 8
logistic








# name: weightDimSizes
# type: cell
# rows: 1
# columns: 1
# name: <cell-element>
# type: cell
# rows: 1
# columns: 2
# name: <cell-element>
# type: matrix
# rows: 1
# columns: 2
 13 30



# name: <cell-element>
# type: matrix
# rows: 1
# columns: 2
 31 1








# name: weights
# type: cell
# rows: 1
# columns: 1
# name: <cell-element>
# type: cell
# rows: 1
# columns: 2
# name: <cell-element>
# type: matrix
# rows: 13
# columns: 30
 0.6368153149940206 0.3272195387502896 -18.5498367103437 4.074505976553243 -12.09450632036313 -5.207844397306234 7.8779445677267 -7.909312270216185 -7.646656425007501 -17.91558016446186 -2.155164043050262 -6.206902192162589 -22.07900395045359 -7.908561555131864 -1.079123831058149 -9.206536298118587 -14.56270883894031 -7.035687650854063 -3.273554236623544 -1.119115832486377 -9.830735522660325 -17.90291869155961 -15.49361940372613 -15.07909153280156 -4.796869062588873 -20.28228165454899 -2.868337239671393 2.398297020194442 -12.12142830387871 2.487793336873489
 0.6898008842479009 -15.50248570720929 -8.364219339866462 1.948943428704703 -3.515701942847249 -0.2833736373039216 -0.3954328202441119 -6.490855382420099 1.754627719344174 -8.277464411380334 9.863637816288696 -0.6056226283080618 -6.50360604945037 -9.969905442972275 0.2409201830418305 -5.12809705916497 -2.046677528165246 1.124803819620023 -12.68335591723353 -3.895878376407762 -1.925771535168027 -8.277289050905891 -4.354181813800921 -3.417231762720524 -11.33247995208995 -4.60579039142217 -0.4894773810727604 -3.016911899127849 -2.082862624915863 -13.39189925613976
 1.334961199597433 3.238791849077329 -8.757771761122434 -0.1444683734454327 -5.612627673675709 -6.3927230014621 -0.5658688157635495 -7.146195514964843 3.76728191122694 -9.337567089192762 12.29223919442019 -5.529574617443391 -9.555897542862281 -8.30355641413421 -11.61032782756117 -5.925130323087242 -10.25816214165094 -10.02664927185222 -1.22285398578716 -5.668980637704156 -3.492394707537882 -9.344396450258417 -3.455062552454474 -2.825786016954814 -10.86835869095421 -3.721404457477408 -1.016500362180374 -4.703720999452643 -10.6018677617471 -18.07743464560157
 0.5470919180218703 -5.880741397647728 -6.977932288161405 1.631613929896828 -6.511312061200108 1.013082487038619 -1.921278280028605 7.673980070608158 0.1963763199424895 -7.373379438308755 5.759316083434263 3.687216461420401 -8.387817515777824 -7.256881703725937 -2.485247714670487 -2.504288933489902 -4.327311291945187 -1.874775439859971 -7.938694846843068 -1.902601897587065 5.846579166122625 -7.344308745479921 -4.976912841416806 -6.982989360888543 3.450402218741046 -7.537589028557608 -3.263829469310751 -19.9345187578743 -1.704449200479954 7.854596507988605
 1.980387718752854 -3.099533551786491 -8.291573857242669 -2.056458375767397 -5.17460790574458 1.024978769723267 0.3899449870330382 -2.98831591196412 1.009858585147433 -7.268600490839986 7.11145445054742 -5.165988857835602 -8.12863089994118 -14.68494477303635 0.8756028473135831 -2.348315704087414 -3.597687963342576 -4.290060801399182 -0.4537871157629656 -7.005605085322036 -1.524826231830377 -7.238527980239085 -3.345923550234684 -3.272806888368841 7.731396176064667 -4.513828855486688 -1.239125293886425 -16.71500353632391 -3.484939298758305 -9.630530152535073
 2.091704048827671 -6.126406660123889 -4.082818625584735 0.9125454140391098 -7.913414034260303 -4.835329434913248 1.258143091953533 -6.024548810778322 -0.4607404197057783 -5.484292916871161 10.49819327735549 -3.673591382453719 -8.972988185515963 -3.699692238024924 -4.45066850996447 -5.5177591841064 -7.167568713547254 1.53902631880797 0.5592628459860035 5.983358130798105 0.6573813318573118 -5.444887130586428 -6.791091139383433 -3.444545540341311 -4.083539064802758 -8.235644103340556 -4.146873706861662 -7.278239817841549 -8.051731967338942 7.087583398018899
 1.19061259678322 -21.74553239366612 -7.938921713178368 -34.12107208470515 -4.241514065654917 -7.543005174363751 0.3676065178789448 -7.258280091062364 4.364951043451706 -8.629681626247661 -0.5590482423768992 -6.60521370627364 -3.327758627084753 -13.94842148276443 -27.82710677928115 4.428933371680206 -2.962209048296613 -10.87592916330981 0.7436549603090561 -19.81729236504223 -0.3000148080311931 -8.630630942978742 2.872617278713955 -3.914175490560351 -12.61782401885864 -6.756075320946191 2.186832735983151 1.866740768165916 -3.173147011421639 -17.13384064468857
 3.886018473572625 -21.66729126507723 -9.569117180257171 -33.80508082977414 -5.645719556321806 -6.860836268528758 1.212247611639598 -6.493610373718936 -1.215366447401414 -9.563532527028421 11.84260185570742 -4.845275147249422 -9.629381189190116 -9.605889912927212 -30.84200723850886 -4.730977309149575 -5.801698916298391 -9.720741807464128 -4.508715477484401 -15.22209315398229 4.881021015514588 -9.555191998695408 5.651374283944809 -3.867713176211159 -8.825037174273609 -2.241838377971315 2.79112569752656 2.070061009003743 -4.706270710704589 -32.57707322423148
 2.25867219615605 1.164575187049289 -9.872878770259637 9.24709212427601 -11.33830949485216 -5.608328243992413 -37.33547707149807 -11.11618825724939 -2.825430453277988 -9.740281830411625 -7.448629991881564 0.1973458027738089 -8.452033633613905 -5.937742720915032 1.501714170886666 -7.662008335353518 -11.95911802620157 -4.722306496761943 -16.18962606181149 -11.8235389706693 17.9971612139668 -9.743454262416074 9.643764257667666 -8.520860488539586 -11.46997317559196 -10.16277371795251 -20.2573685822981 -22.57001312271976 -15.73116555847351 7.025054467903541
 2.484449869507156 -18.89937347914069 -5.609775957882442 -26.57084813135522 -8.278653716372347 -2.49957383572731 -33.86960465098865 0.145222289194792 21.20765190510058 -5.526897187100759 1.317606524302679 -0.6246334271315711 -4.669146852984313 -4.445339176411487 -25.78713895549287 -6.288999264389565 -8.550425932535628 -0.9071763345028252 10.01609980279933 -18.9033249718976 4.875399773999735 -5.511533943487922 -2.529363130482026 -11.89748307794028 -18.11617065580496 -10.93341333906645 -12.34826309449226 -19.07735033816286 -14.11695716602169 -30.61815858528738
 30.77013135786722 -16.10934564997709 -5.393775395009008 -10.25621862631684 -2.471603262249722 47.04542822339869 -7.980540941519388 -7.577084071965675 -33.12828960791333 -7.499280353028798 30.54844530685725 -0.6225216224269144 -9.444503170406634 -8.123973485604164 -18.76141398115342 2.089326874161567 -4.751363069387554 -5.481603678988773 -15.68716639567454 -12.6224333801856 -33.51783446417734 -7.449720174812691 -20.53536473205539 -8.944806101551288 6.637589276128997 -4.098158188303399 24.48643954221109 -20.00641192305989 -5.628652815387027 -3.598682761715999
