# Created by Octave 3.8.2, Sun Nov 02 21:33:26 2014 Central Standard Time <unknown@MyPC>
# name: ffNN_file
# type: class
# classname: class_ffNN
# length: 9
# name: costFuncType
# type: cell
# rows: 1
# columns: 1
# name: <cell-element>
# type: sq_string
# elements: 1
# length: 4
CE-L





# name: inputDimSizes_perCase
# type: cell
# rows: 1
# columns: 1
# name: <cell-element>
# type: scalar
54





# name: normalizeDivide
# type: cell
# rows: 1
# columns: 1
# name: <cell-element>
# type: scalar
1





# name: normalizeSubtract
# type: cell
# rows: 1
# columns: 1
# name: <cell-element>
# type: scalar
0





# name: numTransforms
# type: cell
# rows: 1
# columns: 1
# name: <cell-element>
# type: scalar
1





# name: numWeights
# type: cell
# rows: 1
# columns: 1
# name: <cell-element>
# type: scalar
55





# name: transformFuncs
# type: cell
# rows: 1
# columns: 1
# name: <cell-element>
# type: cell
# rows: 1
# columns: 1
# name: <cell-element>
# type: sq_string
# elements: 1
# length: 8
logistic








# name: weightDimSizes
# type: cell
# rows: 1
# columns: 1
# name: <cell-element>
# type: cell
# rows: 1
# columns: 1
# name: <cell-element>
# type: matrix
# rows: 1
# columns: 2
 55 1








# name: weights
# type: cell
# rows: 1
# columns: 1
# name: <cell-element>
# type: cell
# rows: 1
# columns: 1
# name: <cell-element>
# type: matrix
# rows: 55
# columns: 1
 23.64542345331899
 -10.50571862622642
 53.42568536969219
 -93.21614233168339
 -126.7857845569758
 49.47326610630726
 -6.037556811437169
 24.34054434224812
 238.5960336595001
 -30.19570164816785
 110.8374252206663
 0.2701348646161211
 -175.8431736518751
 220.9466636041
 -136.6513961367621
 64.85459685123372
 -124.7246041057247
 157.3564100295718
 90.67213122062594
 -242.7904173303921
 -15.37256762637633
 -53.54769985857744
 5.672767208404013
 -1.511944290033001
 107.7422239491795
 -180.2840808561197
 15.92242342816872
 -28.76487769579436
 11.78379665800706
 -29.96201934425207
 62.42273742255207
 0.08093780871297082
 -30.5254072675594
 37.31429591702829
 -197.4044080119022
 8.944490472324935
 -119.9971120688453
 32.37467484860613
 -9.065539858895084
 43.10992954658594
 -48.36965321633791
 32.58556981617944
 -79.26982983618736
 -61.94000298897639
 16.29045885930238
 -31.00570413686595
 11.28909615805998
 6.236291019420331
 14.05650190108557
 -6.557770212025907
 -6.509347178876892
 -27.09709403844401
 18.68432157786694
 -144.6073964050464
 21.22923248556164










