# Created by Octave 3.8.2, Sat Nov 01 22:29:05 2014 Central Daylight Time <unknown@MyPC>
# name: ffNN_file
# type: class
# classname: class_ffNN
# length: 9
# name: costFuncType
# type: cell
# rows: 1
# columns: 1
# name: <cell-element>
# type: sq_string
# elements: 1
# length: 2
SE





# name: inputDimSizes_perCase
# type: cell
# rows: 1
# columns: 1
# name: <cell-element>
# type: scalar
8





# name: normalizeDivide
# type: cell
# rows: 1
# columns: 1
# name: <cell-element>
# type: matrix
# rows: 1
# columns: 8
 798.4022465952992 4293472.781876395 19740713055.53304 88738999625851.53 3.981966623284372e+017 1.787340744311548e+021 8.021814022564086e+024 3.598853251314119e+028





# name: normalizeSubtract
# type: cell
# rows: 1
# columns: 1
# name: <cell-element>
# type: matrix
# rows: 1
# columns: 8
 2020.6 4688398.2 12660963605.8 39493290784041 1.386578763439269e+017 5.3051096377124e+020 2.150027365316467e+024 9.040599568819852e+027





# name: numTransforms
# type: cell
# rows: 1
# columns: 1
# name: <cell-element>
# type: scalar
1





# name: numWeights
# type: cell
# rows: 1
# columns: 1
# name: <cell-element>
# type: scalar
9





# name: transformFuncs
# type: cell
# rows: 1
# columns: 1
# name: <cell-element>
# type: cell
# rows: 1
# columns: 1
# name: <cell-element>
# type: sq_string
# elements: 1
# length: 6
linear








# name: weightDimSizes
# type: cell
# rows: 1
# columns: 1
# name: <cell-element>
# type: cell
# rows: 1
# columns: 1
# name: <cell-element>
# type: matrix
# rows: 1
# columns: 2
 9 1








# name: weights
# type: cell
# rows: 1
# columns: 1
# name: <cell-element>
# type: cell
# rows: 1
# columns: 1
# name: <cell-element>
# type: matrix
# rows: 9
# columns: 1
 353.2247501066543
 74.57977881437439
 62.64468735183426
 41.01085554005365
 18.0127767827777
 -1.504543341392799
 -16.31259311265669
 -26.91008675985954
 -34.25895928281246










