# Created by Octave 3.8.2, Sun Oct 26 17:35:10 2014 Central Daylight Time <unknown@MyPC>
# name: ffNN_file
# type: class
# classname: class_ffNN
# length: 9
# name: costFuncType
# type: cell
# rows: 1
# columns: 1
# name: <cell-element>
# type: sq_string
# elements: 1
# length: 4
CE-S





# name: inputDimSizes_perCase
# type: cell
# rows: 1
# columns: 1
# name: <cell-element>
# type: scalar
52





# name: normalizeDivide
# type: cell
# rows: 1
# columns: 1
# name: <cell-element>
# type: matrix
# rows: 1
# columns: 52
 62.67298696082781 22.40053912974347 94.98245544669631 7.732218753549764 0.2075599028709109 0.07878892884982311 0.2393241149529134 29.68648285786442 28.65153840672019 100.4215283785419 64.61225635472483 35.4795008045953 64.73110883578512 72.75483152757234 30.65092161414353 71.65847293909273 10.46521151987562 1.985466078713952 0.8483071129168474 0.5510420327590783 182.2767398493793 109.7397287084241 134.0658207370601 442.964787792373 201.0274210989983 324.9556371054859 69.96191684522429 37.11642247281689 82.46510108931392 10.25515727788949 1.101088695352086 0.5494462112096357 1.632730952355119 67.67364486226586 80.85369037270864 109.6934595852916 341.5192751431654 327.3006117126126 139.8380605406472 107.9639408576577 28.20301483858573 103.4685661721526 10.0881456873959 1.827177996485662 3.735123505078541 1.33770436346782 180.9409989997468 199.5805050282688 137.6928324518984 345.8938437125541 507.0552601025009 368.0989542236587





# name: normalizeSubtract
# type: cell
# rows: 1
# columns: 1
# name: <cell-element>
# type: matrix
# rows: 1
# columns: 52
 64.92811987156638 0.423624178176438 -10.82798251872991 11.3789817032771 -0.006642627796750038 0.04010447989398799 -0.1315330513225575 -5.680954079812446 30.45912542683859 -73.35102696090922 55.71818459813465 593.863768411396 -345.2045767290148 17.50540925538967 -4.301043779623897 -0.906407675449769 25.50387340094796 0.05218210081035631 -0.2618342592120745 0.2727475663829566 -61.76614341776668 32.61077417053157 -69.61230314458999 187.1079965343255 159.1979002089598 310.7135212272565 23.9083808232447 -10.81990515348541 1.298639307178266 13.7649712043219 0.1673003414708823 0.04366189286988435 -0.1380681412772019 -28.79733448855818 52.96911472402018 -38.46067988379797 -326.9340410784364 220.3215756077672 44.90118597421131 33.75162682693804 11.07762645026982 18.87681059727165 34.67611232862749 0.1463806635747376 0.09583787778400785 0.1476428316599571 -63.95481371999388 162.9810050456144 -55.49475052239947 -316.6403261811325 379.762295932929 395.0103085546098





# name: numTransforms
# type: cell
# rows: 1
# columns: 1
# name: <cell-element>
# type: scalar
2





# name: numWeights
# type: cell
# rows: 1
# columns: 1
# name: <cell-element>
# type: scalar
1745





# name: transformFuncs
# type: cell
# rows: 1
# columns: 1
# name: <cell-element>
# type: cell
# rows: 1
# columns: 2
# name: <cell-element>
# type: sq_string
# elements: 1
# length: 8
logistic



# name: <cell-element>
# type: sq_string
# elements: 1
# length: 7
softmax








# name: weightDimSizes
# type: cell
# rows: 1
# columns: 1
# name: <cell-element>
# type: cell
# rows: 1
# columns: 2
# name: <cell-element>
# type: matrix
# rows: 1
# columns: 2
 53 30



# name: <cell-element>
# type: matrix
# rows: 1
# columns: 2
 31 5








# name: weights
# type: cell
# rows: 1
# columns: 1
# name: <cell-element>
# type: cell
# rows: 1
# columns: 2
# name: <cell-element>
# type: matrix
# rows: 53
# columns: 30
 0.7083909612550631 -0.1906404291383053 -3.237280232469321 0.8039673018161111 -0.07483725718912945 -1.053597843936612 2.853004650036401 2.739780213876771 -3.166146362298539 0.0552194216523807 -2.173237162807265 -1.675281889441865 -2.910898679412367 0.7468319459199801 -1.412257828104608 2.258130589078319 -1.799433031618795 -2.755712464201309 -2.764444528494278 -3.856098821614517 0.4857826440331032 2.355027780126757 2.57781856326162 0.2106726260204197 0.2806743942661536 -4.121051747063677 -3.04849078883406 -2.407597905465769 -0.6782637977993383 0.4107248755569431
 -4.151841968470036 0.425388103199021 -0.898003209397719 0.5052408235869911 -3.170912531395389 0.5398000551309913 1.503074953677686 1.754378127256548 4.500562718909569 1.243589430079864 -3.42983993886922 -1.231859880912814 -5.100541674926893 1.462946059868864 -1.310309488797441 -1.958933213282577 5.098002914441186 -1.148924319718757 -0.687353917222737 0.3316200780213027 1.951406364268876 -2.614995956347496 -0.2675665244498672 1.362550438902022 3.451461202122836 -2.110871313225863 1.284608811433338 2.784941346966911 -1.461693660693858 0.1626439833341108
 3.872520514838734 -0.5140326290250778 0.5015386315875069 2.068239571065007 0.5011112196969769 -2.856336319072059 -2.045881371001391 1.563652849101596 1.91227456087435 -2.137236007297098 -0.09087061679820539 -2.126997892524904 -2.810547650306062 0.3781343320110866 1.5507745314608 -2.128784497584026 0.3588749175217679 -2.386049691674399 -0.3307531012340645 3.847997050970218 -0.9842937374650435 -0.9399607502458539 -0.3050270380298333 0.7586369394468323 -0.8032843385918207 0.3913618410175768 2.138391410475392 -1.175374367968076 0.3166648715602136 -1.235607221115284
 7.046794959375903 2.81896186186576 2.026890620743262 -2.444261311955811 0.4943161907085201 -0.4275960945975787 4.645483982459076 -0.7441738390741465 1.000925027333788 0.3138380326258765 3.780985202273328 2.664744277298308 4.590256516506177 -2.761741758984582 3.189087623806364 1.257675139717684 -2.570938235220679 2.706954971730236 0.3511140807999308 2.59875258359381 -0.5565354437331523 1.792681551283846 0.1402431282889426 1.336436575996417 -3.125074398622203 3.17055073580429 1.01949100391317 -1.897013225448207 0.3659869280125918 -1.149354750848844
 -1.393088346467148 1.308128467213204 -0.9355379792835415 0.01033243348855817 0.8008300698584119 -2.131035300734593 -0.5390504628805874 1.572712429387382 -1.658431588614406 -1.540650107201776 0.8050880825726745 -0.7470906054130533 -0.2521387745198045 0.1236506084653385 -0.9192008025632691 1.100390532973545 0.7499262161172147 -0.1761546745447508 0.2976738851018451 1.390034545609111 -0.02207382285592613 0.7152407551236741 0.6914118214871358 0.8748100135469948 0.2833763682706559 -3.070337145604604 2.595886193300666 -1.20626080049066 0.9980871882669637 -1.281723898552578
 0.4972608025417657 -0.7699076109632511 1.810776571526823 -0.1871883638472677 1.88243374383174 -0.08590636557263916 -0.4976945382528836 -2.285556530307087 0.1177059406241945 1.017934348429244 -0.6501190364060567 2.054589238051459 0.6806782250648625 0.3102270972498319 -0.7499576896616431 0.4037132811914236 0.4933397805329882 -0.3085177774348236 -0.2860300006339487 0.7476761684450076 -0.1150011094641296 0.06090155560527368 0.7989282515471937 2.531844625819169 -0.2711295869747668 0.1049544765201175 -1.914229377882136 0.3398421035732591 -1.130302713842816 -0.6988447147031653
 0.9572327844193693 -0.7523647215359524 -0.7851396665648241 -0.1514057392692445 -0.6138100846483954 -1.138005115778315 0.2695521371732736 0.2953427445081153 0.5004644417589481 -0.4028710127534892 0.07999474371420376 0.6852570792259608 0.4882118845161295 1.361921400745865 -0.5581585466705535 -0.9153612974311617 0.9046987304900059 -1.529524579491696 0.6190197026511112 -0.08755969083860735 0.2406685871542799 1.094598551468293 -0.0421404163853332 0.3062038069415662 -0.03335619583073693 0.6734752433455793 -1.600527862355126 0.6529205019476469 -0.8359838256659879 0.6856110888822486
