# Created by Octave 3.8.2, Sat Oct 25 18:23:36 2014 Central Daylight Time <unknown@MyPC>
# name: ffNN_file
# type: class
# classname: class_ffNN
# length: 7
# name: costFuncType
# type: cell
# rows: 1
# columns: 1
# name: <cell-element>
# type: sq_string
# elements: 1
# length: 4
CE-L





# name: inputDimSizes_perCase
# type: cell
# rows: 1
# columns: 1
# name: <cell-element>
# type: scalar
54





# name: numTransforms
# type: cell
# rows: 1
# columns: 1
# name: <cell-element>
# type: scalar
1





# name: numWeights
# type: cell
# rows: 1
# columns: 1
# name: <cell-element>
# type: scalar
55





# name: transformFuncs
# type: cell
# rows: 1
# columns: 1
# name: <cell-element>
# type: cell
# rows: 1
# columns: 1
# name: <cell-element>
# type: sq_string
# elements: 1
# length: 8
logistic








# name: weightDimSizes
# type: cell
# rows: 1
# columns: 1
# name: <cell-element>
# type: cell
# rows: 1
# columns: 1
# name: <cell-element>
# type: matrix
# rows: 1
# columns: 2
 55 1








# name: weights
# type: cell
# rows: 1
# columns: 1
# name: <cell-element>
# type: cell
# rows: 1
# columns: 1
# name: <cell-element>
# type: matrix
# rows: 55
# columns: 1
 15.88821081708476
 39.31788619538126
 27.31859099384136
 -108.256017686029
 -7.038271300471711
 -40.23589652760819
 -213.064844923701
 -82.58094767906825
 -278.1261911514002
 -129.1960974620457
 255.7423919584365
 295.7401780637039
 275.4492447853902
 -82.12824787688884
 -57.67613767899918
 164.0136367439611
 130.1991282272391
 1076.379870865087
 93.0461212540263
 521.6737685145051
 305.3843122538704
 25.78792145532151
 -1180.688035153203
 -322.8741728138721
 350.8848691644185
 -125.7853589826021
 -445.1860471547332
 227.4492098980064
 409.7027981431627
 26.79053176459152
 18.67427403091506
 114.7931905612398
 -1374.058006626985
 513.5655983295355
 626.9897832780997
 -234.4932899253996
 -631.9857936659428
 715.9993865266517
 -374.7685101225542
 -958.2653300214142
 -634.1307702132177
 399.3800554820324
 -579.1129968244052
 214.9503039975289
 -383.8474688540221
 -225.8358243772146
 341.4267787079792
 479.230188697449
 35.19942883388219
 -1686.646067062255
 -38.44496772842766
 397.2407969295119
 -133.5340741291769
 -803.0896051087718
 245.2725680417771










