# Created by Octave 3.8.2, Tue Oct 21 13:59:20 2014 Central Daylight Time <unknown@MyPC>
# name: ffNN_file
# type: class
# classname: class_ffNN
# length: 7
# name: costFuncType
# type: cell
# rows: 1
# columns: 1
# name: <cell-element>
# type: sq_string
# elements: 1
# length: 4
CE-L





# name: inputDimSizes_perCase
# type: cell
# rows: 1
# columns: 1
# name: <cell-element>
# type: scalar
12





# name: numTransforms
# type: cell
# rows: 1
# columns: 1
# name: <cell-element>
# type: scalar
2





# name: numWeights
# type: cell
# rows: 1
# columns: 1
# name: <cell-element>
# type: scalar
281





# name: transformFuncs
# type: cell
# rows: 1
# columns: 1
# name: <cell-element>
# type: cell
# rows: 1
# columns: 2
# name: <cell-element>
# type: sq_string
# elements: 1
# length: 8
logistic



# name: <cell-element>
# type: sq_string
# elements: 1
# length: 8
logistic








# name: weightDimSizes
# type: cell
# rows: 1
# columns: 1
# name: <cell-element>
# type: cell
# rows: 1
# columns: 2
# name: <cell-element>
# type: matrix
# rows: 1
# columns: 2
 13 20



# name: <cell-element>
# type: matrix
# rows: 1
# columns: 2
 21 1








# name: weights
# type: cell
# rows: 1
# columns: 1
# name: <cell-element>
# type: cell
# rows: 1
# columns: 2
# name: <cell-element>
# type: matrix
# rows: 13
# columns: 20
 -5.600847871846031 -9.222437007742197 7.813505726235698 -10.63493959409902 -11.44023823581741 -9.879854329231264 -11.34280309134468 -10.86195665110143 -14.53766982851388 -0.9090741821069372 -3.221964698899019 -3.968135072624335 -4.071719757493342 -7.421427733722448 4.902871976847831 0.2020755480368987 -4.697354798791734 -3.340036137688676 -5.68290534057286 0.7451752543013916
 -11.23843377740918 -3.083963171683962 1.955948612193021 -13.32231129720038 1.331899958751235 -2.253419935845421 -5.969994214592018 -4.787126443135662 -6.081096280620058 -5.293563822383809 -3.654833881371907 -7.59846122188203 -3.655191539930193 -7.091125950118213 -5.224967469249965 -2.969120653402111 -8.500991921822644 2.988606169443934 -1.222831303631305 0.6255278530058997
 -1.221697329041451 -4.549349106074465 1.637137283817523 -4.291699558770484 -5.828397089038585 -3.314524474330387 -10.25925205629359 -2.49128413439034 -6.73852897179085 -11.09494241674966 -9.093448484777907 -6.843841717381069 -2.271458331038541 -0.8226440923409524 1.64647268920463 -6.40460066925768 0.9253022582466452 -0.8083924096009797 -3.540222004457004 1.514400409318137
 -9.138265701585626 -3.547189390137972 2.346028513810905 -7.616805458997554 -8.600306296294271 -3.579438338755639 -9.002708394826543 -5.145651921419592 -9.190923784046431 -8.580417405754071 -5.213401233189455 -11.75913494616389 -3.068133641210042 -4.372475071286818 -3.738063515917589 5.987612638042894 -6.435058210804138 -0.8046089330259111 -0.9557231526952007 0.5883154332602826
 1.518202980124346 -4.285738851193241 1.720854414680857 -5.858864086898211 -8.780335942840138 -3.073146883972623 -7.243509921863565 -3.42216195105597 -6.780803993668975 -1.08949714888278 -5.369657865703426 -11.09761739712159 -1.061870120682782 -6.258617268726778 0.7575240165968135 1.400205488523992 -11.94775583131178 2.204068384978996 0.6205101264381632 4.723097199710172
 -6.29260684934231 -0.5396891945745119 1.408890995113604 -7.063565665189159 1.13906304960702 -6.659823280102509 -4.522970791016466 -3.309448123103672 -7.673559857262841 -5.397070905109341 -5.283890508764321 -3.327664795819947 -0.6984386378118526 -2.523263228445537 -5.498079254847724 7.10706776076929 -7.634020205303878 -2.593700274807194 -2.233897819064713 -0.354332118495094
 -12.3007302344211 -6.099751194767849 2.194289318504937 -12.20867051535414 -13.36448798383192 -5.156279451288007 -12.18159883553956 -9.374204574161865 -9.593980110292513 -6.938710687093599 1.640704698299959 -9.339213462728743 -3.159212810094532 -10.66915827712624 -4.338492405036831 -1.529191016357067 -6.564165129503743 -26.90445148739044 -0.4455068160156337 3.54079400891406
 -4.911955674263441 -4.133886983109123 1.647815482808181 -10.08711712789343 -1.803889571404532 -8.420610832014559 -9.517056213530143 -7.003487657210526 -7.445758859347538 -3.201346410290981 -9.801459502529793 -10.34264663706477 -3.920164567372949 -3.700037748900112 -10.96182396153976 -2.317742382138802 -10.40509093132757 -8.961567650158857 -38.84479115436872 -6.012064059847953
 -7.844767862313891 -0.1228877600543502 0.1005535711564734 -13.70293857220497 -6.915276876476966 -7.189568497996812 -8.412283634594887 -12.64309038335224 -8.243260067914866 -12.03145489350692 -2.474421566700296 -9.348286023463734 -1.988865349628192 -7.830158386309039 -13.82439810401487 -8.166583045316742 -3.709490780634583 36.69282117890214 26.87211644046296 -24.25668939335954
 -5.198697906290269 -5.415595868075963 -37.94104631404551 2.035060214703929 -14.68814951429226 -10.48906199484442 -8.57277470803122 -4.747874507831864 -10.69846095729219 -22.48261114120046 -13.89036984934576 -16.70242085740855 -3.951310287657599 -10.36224639674869 -20.25090151329871 -37.65351611437878 -18.36203270191027 -6.501649297815356 -3.073674304257643 6.426017116272399
 6.852689583295958 0.5584119742030512 -35.61681629984176 -7.42095725388175 -16.55643656364103 -12.66128384999263 -9.042695151105058 -12.30698675581833 -8.16448580866961 -24.47660608364395 -16.61775514755976 -13.63629383082227 -12.2924523071537 9.463515448498578 -17.41807181877117 -40.93286691297801 -13.9588856982572 -61.87812965194309 -36.67630454358768 35.72200239512127
 -20.15685052569848 -2.973167896170219 -5.333309973863757 -12.1284898755512 -6.309893954163716 -6.687431173568372 -7.397232154685829 -9.697784636803849 -5.469510325612312 -5.427583266035259 -10.52099113304092 0.3239329140028824 47.85533345374605 -15.48255951496704 2.027462564474841 -4.936014899458623 -0.8622171398807998 -5.568115848400214 -1.955365334330352 -43.49560544203443
 -6.257747155516339 59.16141141127712 -36.93616788729624 -3.429552434675706 -15.82173596449385 -13.81918599541256 3.142421053485156 -11.04843361720476 -0.3403012107518086 -19.10294985420042 -13.34490720704525 -13.34863009626819 -63.13307245890891 35.96114035442915 -17.18302244815338 -37.02838966545576 -9.721264898044865 -51.27036134706684 -35.19445953453341 19.91760026501488



# name: <cell-element>
# type: matrix
# rows: 21
# columns: 1
 -5.473412546290184
 1.211976829203487
 -20.75389535739323
 27.69502670186855
 -1.638607181260186
 2.955554824345857
 -0.0265115607087002
 2.213797114342419
 1.404018295013272
 -0.6550654994249394
 5.368116897581519
 3.177183722912516
 0.9474780461604676
 25.40264037709156
 -3.740920077917027
 6.154250543826334
 3.004705690099491
 1.916510018961713
 7.851760662589153
 15.12160393900382
 -7.43691142417189










