# Created by Octave 3.8.2, Mon Oct 20 23:52:04 2014 Central Daylight Time <unknown@MyPC>
# name: ffNN_file
# type: class
# classname: class_ffNN
# length: 7
# name: costFuncType
# type: cell
# rows: 1
# columns: 1
# name: <cell-element>
# type: sq_string
# elements: 1
# length: 4
CE-L





# name: inputDimSizes_perCase
# type: cell
# rows: 1
# columns: 1
# name: <cell-element>
# type: scalar
12





# name: numTransforms
# type: cell
# rows: 1
# columns: 1
# name: <cell-element>
# type: scalar
2





# name: numWeights
# type: cell
# rows: 1
# columns: 1
# name: <cell-element>
# type: scalar
281





# name: transformFuncs
# type: cell
# rows: 1
# columns: 1
# name: <cell-element>
# type: cell
# rows: 1
# columns: 2
# name: <cell-element>
# type: sq_string
# elements: 1
# length: 8
logistic



# name: <cell-element>
# type: sq_string
# elements: 1
# length: 8
logistic








# name: weightDimSizes
# type: cell
# rows: 1
# columns: 1
# name: <cell-element>
# type: cell
# rows: 1
# columns: 2
# name: <cell-element>
# type: matrix
# rows: 1
# columns: 2
 13 20



# name: <cell-element>
# type: matrix
# rows: 1
# columns: 2
 21 1








# name: weights
# type: cell
# rows: 1
# columns: 1
# name: <cell-element>
# type: cell
# rows: 1
# columns: 2
# name: <cell-element>
# type: matrix
# rows: 13
# columns: 20
 -5.944860358723483 -8.016704977272584 -3.497819281526338 -2.423014900259274 2.145987685125347 -3.22869293239724 -8.380953549191764 -3.226128683757152 10.97915016505978 1.40993670040155 6.395268899737761 -7.011356071201445 3.140286842355459 -8.651505549327364 -9.561797353462856 3.733452526148348 -12.16439282242716 -10.38342268704516 -1.818280848573011 -3.827568575745475
 5.255019646074287 -3.956775187939063 6.189227314670785 -5.629917613825669 11.76058519891429 -12.70557832181481 -2.264809897179735 -7.873247222592249 3.464844429273843 -12.36510627947287 -0.9094149627143842 -8.238774475433242 6.726657129183264 -2.883494376603168 0.807103044905442 0.6785517612512426 -4.003802602020973 -8.508229632449746 -5.907511446738113 -2.878781371494494
 -0.4192000235135797 1.416320972187 2.369154905197118 -13.58641743139352 -21.86671238638169 0.1038311635481041 3.399722920892476 -0.8754192991615385 -2.086185632055983 -3.135402475383978 -0.5460692058302389 -8.502770490647164 -8.861899663743859 -3.076251743012965 0.8468806612293855 -0.8136652840033379 -7.69111763037583 -3.122158274630173 -3.629504332700148 -1.45143290201147
 7.906346999031504 -7.820652599423062 2.172251201450973 -10.34325539325661 -18.00807880686603 -10.09648692380828 -1.514475013286956 -8.716197796050775 -1.582171127679504 -1.553717599382717 0.1285677267706926 -7.762854757602007 4.091664635013313 -5.900320219300151 1.418566266058914 1.402876136854618 -9.358938887352661 -5.489571039012136 -7.608476786631186 -4.251098915419045
 -0.9379349589915861 -0.8449692340529995 0.5976262371692749 -4.724197757184038 -15.42502627536071 -1.037021689264414 8.535323507915075 -8.863626124076408 -0.1045057383389584 -7.409865638605822 0.6944810586378612 -8.897612487469813 1.172874659770216 -3.006510173090541 0.8326619748858847 -3.207990842519984 -4.987302556503852 -9.122527760398054 -8.145026938609174 -6.022153026239102
 -5.098787567379513 1.574352313527898 -3.78755383239056 -6.345578994653738 -11.58080107329536 -2.707909416255679 9.177308244312995 -9.17286387771151 1.90960530001705 0.2714843765371001 1.236421259080948 -9.619895440052689 -2.809082625296918 -4.762081116953776 -5.242334937590563 -3.229230910576066 -7.847101428224325 -10.90635655928276 -5.647724613679719 2.14387606575458
 5.514254894561502 -5.442033508990807 3.332051667771986 -5.503614838272744 -1.442509209070627 -0.6169178388173557 7.73306828173073 -6.6167827331034 -0.4600612862851628 -4.140059018153249 1.965428331580821 -10.13764788605751 -4.00969899438902 -4.51057071061508 16.03958513811944 -4.654812650837242 -8.056722917426425 -9.430638538575582 -0.8602802192306886 -3.838507515862763
 -0.7716637340421647 -9.839954108029863 6.106644542400512 -7.440885869752116 -3.321233508448507 -4.503507484276754 2.472463874076611 -6.367922496384972 -0.9955175698718669 -5.358367875924996 1.038157095661278 -7.034771882592821 -11.418686885846 -5.603406737360332 16.4844534126694 -4.217368626759103 -5.738864226118359 -5.99094624632891 1.954924935648675 3.856323224793209
 8.543546334795762 -15.32505156211649 13.11152610267689 -8.612711756680962 -16.71494151657293 -13.87357126145976 41.07435098035172 -9.504380864880986 -2.514948612151631 -10.96901249934142 0.9277843418905273 -6.59397891557217 -5.186434296052326 -3.025329010250799 41.41663314805771 -18.79180736560116 -5.650669789886604 -8.507439960503769 -4.18004498369022 1.10674653495512
 11.51462160422703 -5.262766452565038 12.31833926638711 14.67745675215294 -16.42244935096788 -18.42979760621179 39.7774867590202 -7.374492065658872 -1.549467284226252 -5.742935385554271 7.234546937150175 -8.333691860241483 -0.7617901236951619 -5.326488850710902 42.92135697929972 -13.09052161495523 -6.780801758243127 -10.31141035189273 -5.219372655667509 -2.070819955025336
 5.839879984416335 -1.030830456219017 44.37533383203077 38.74067170431361 16.03104240474456 6.040400688591037 39.47704438298818 5.498629170426852 48.77066687431614 3.66454593162178 49.21137847512992 -1.849505635879448 1.953425775966658 0.3017751008055203 33.35598231616783 -2.265396488700197 -2.45371249731654 -2.814280914021459 -3.391479755597886 35.58390849004601
 29.8608924138489 -20.81529268669603 -53.00002608108127 -22.64253286345825 -8.321636718353041 -25.5145693892032 -48.46030527791361 -5.968542781401744 1.011296166359087 -24.98165911953041 -48.79018607857411 -4.104031105825054 -25.03802198963733 -14.86881250547641 -40.51559503038379 -37.04169020243624 -16.18496923009838 -12.74820684171433 -18.19762458126166 -22.74069694233832
 -5.616063293973976 -2.469642263048833 -9.101936399155846 -9.935785993418653 -23.06349952155158 2.107049795470866 -33.35684319776333 -11.86606289781922 -46.63056295089064 -3.797650702126226 -6.447352093024782 -12.42188891051505 2.44694428199357 -9.254166884289539 -41.76138275186576 0.6288333207206112 -4.19684933556771 -2.5625552752313 -11.79738630462741 -25.6460391754823



# name: <cell-element>
# type: matrix
# rows: 21
# columns: 1
 5.831308201734258
 4.030905334342801
 -1.465832143988505
 -4.347868100166036
 -1.382936208831167
 -3.721037023447991
 -4.582256333492628
 -8.097044056482671
 -0.2641011637743925
 -36.38080091828025
 -9.137389749808795
 -30.54161542221372
 -1.063870445074221
 -10.40684614495055
 -2.280991876188156
 -16.2949597553372
 -1.996329625522429
 -1.663977419881779
 -1.340960417214359
 -0.3348695576350225
 -3.514651497333462










