# Created by Octave 3.8.2, Sat Nov 22 21:34:27 2014 Central Standard Time <unknown@MBALearnsToCode>
# name: ffNN_file
# type: class
# classname: class_ffNN
# length: 10
# name: costFuncType
# type: cell
# rows: 1
# columns: 1
# name: <cell-element>
# type: sq_string
# elements: 1
# length: 4
CE-L





# name: func_convertInput
# type: cell
# rows: 1
# columns: 1
# name: <cell-element>
# type: sq_string
# elements: 1
# length: 4
self





# name: inputDimSizes_perCase
# type: cell
# rows: 1
# columns: 1
# name: <cell-element>
# type: scalar
256





# name: normalizeDivide
# type: cell
# rows: 1
# columns: 1
# name: <cell-element>
# type: scalar
1





# name: normalizeSubtract
# type: cell
# rows: 1
# columns: 1
# name: <cell-element>
# type: scalar
0





# name: numTransforms
# type: cell
# rows: 1
# columns: 1
# name: <cell-element>
# type: scalar
2





# name: numWeights
# type: cell
# rows: 1
# columns: 1
# name: <cell-element>
# type: scalar
2323





# name: transformFuncs
# type: cell
# rows: 1
# columns: 1
# name: <cell-element>
# type: cell
# rows: 1
# columns: 2
# name: <cell-element>
# type: sq_string
# elements: 1
# length: 4
tanh



# name: <cell-element>
# type: sq_string
# elements: 1
# length: 8
logistic








# name: weightDimSizes
# type: cell
# rows: 1
# columns: 1
# name: <cell-element>
# type: cell
# rows: 1
# columns: 2
# name: <cell-element>
# type: matrix
# rows: 1
# columns: 2
 257 9



# name: <cell-element>
# type: matrix
# rows: 1
# columns: 2
 10 1








# name: weights
# type: cell
# rows: 1
# columns: 1
# name: <cell-element>
# type: cell
# rows: 1
# columns: 2
# name: <cell-element>
# type: matrix
# rows: 257
# columns: 9
 -0.8420856758766446 1.149023406821457 -0.9310318473901543 0.6413764225088745 -1.165847408570628 -0.3713886263857185 0.3594804959901958 -1.212949910676091 1.254349870428052
 0.02209583101098966 -0.03858821841488048 -0.02432606693338137 -0.05120344240597152 -0.03283756782194597 -0.00312754603826654 -0.0353598616907919 -0.02035735402225054 0.02297691627216077
 0.04680506527135099 -0.08266239898014258 -0.04823248024804211 -0.0953710198916798 -0.06556309818178556 -0.009486133440976456 -0.08446923282487852 -0.04619302482874012 0.05713242942432788
 0.06820324462741213 -0.09233774891612015 -0.03636009334920185 -0.06152271695495395 -0.08329735713885854 -0.0140255765883544 -0.0893321179268831 -0.06457839214190984 0.06362355020400665
 0.003232787137584546 0.01463458410844048 -0.06856299274167857 0.01319847755714347 -0.1259600100070815 -0.01571279372646061 -0.03477946009349454 -0.1178582001440561 0.09287867206955516
 0.007318083919335487 0.04030553055288608 -0.07183252042182606 0.04930849183176177 -0.05169620292312949 -0.01635201927001772 -0.001341397292542092 -0.1095960862850923 0.061601818373465
 0.0857553871961243 0.04130314917789691 -0.1561038452808195 0.08935478408476892 0.08410785333035467 -0.02057151578082643 0.05547681011106686 -0.1425782148783837 0.05139319909714559
 0.1482370398796725 -0.003526815873802519 -0.09377559341991905 0.03899048604843615 0.162067824280365 -0.02122530798514352 0.05730856559684072 -0.02787437631786131 -0.0163914338263751
 0.2329022717073609 -0.04255212989987724 0.006607945492876746 0.001428558263653713 0.2856362758557727 -0.01906955115760927 0.07639634351656815 0.1340096520099769 -0.1289614811769755
 0.1605742829967957 -0.05013725090599608 0.1197988754865587 -0.003601539634888832 0.1744809642119095 -0.02128776258530804 0.0611086821376251 0.2324058964554511 -0.1110490951594086
 0.02024640223169531 -0.05042182231181192 0.1627051156354876 -0.1199463476684618 0.1197771888998859 -0.02515957339993156 0.006321610361220912 0.1603950188595958 -0.181988056073543
 -0.1397372992325003 0.173548712148367 0.003623406683090929 -0.2604985742548266 -0.05798051444006459 -0.03147717533949115 0.002068525692510942 -0.1007534169129125 -0.08421810856565995
 -0.1278945035164723 0.07199104691804661 0.01371179193424651 -0.3249616126870875 -0.0655688609521079 -0.0447707093378994 -0.0706177276778816 -0.1786138992612972 -0.06888632194049686
 0.01590531440927123 0.06138271751489685 0.07741385034361437 -0.2074015899406044 0.06184253856291975 -0.0578440369998455 -0.06345958052156093 0.0210320915239122 -0.07715607136525075
 0.2883381681843858 -0.2297305328974172 0.1836638164721046 -0.3208682151492327 0.3565178929742786 -0.05890237177086878 -0.1726797627398659 0.2583218556690072 -0.06869320139669025
 0.06980609276970846 -0.09013976286316912 -0.1247069800040582 -0.1641596053210515 0.1083183489547004 -0.04828577982270189 -0.09115640810775905 -0.1296513018491763 0.1723073219422682
 -0.04367495073589513 0.02914197055421016 -0.1085940042286521 0.05397969143288139 -0.05731049438561198 -0.02109340941322282 0.01444841471332478 -0.1139237555269832 0.11821653834598
 -0.02954530707236838 -0.09139051182900887 -0.06996362541481382 -0.005305212259314534 -0.09194493575442374 -0.009519107428314126 -0.08713045029148203 -0.1053673072729531 0.0902179140635945
 -0.05840503832796621 -0.07919707900063741 -0.1554149462847984 0.04288974690971422 -0.2243679092334781 -0.03051482375501209 -0.1399236834898146 -0.2397330293789302 0.2043317688626963
 0.09576403431681371 -0.1690792802967161 -0.09960103583697794 -0.04027410363149879 -0.1735818633036327 -0.03971222742394099 -0.1716088987044481 -0.1393030930149889 0.1239900908399372
 0.1755757200718129 -0.1400139948062965 -0.0698206340327507 -0.09898320646447208 -0.09668001320359357 -0.04856685961673726 -0.1189132669324041 -0.1435766950152771 0.07115020168891718
 0.1949425893016394 -0.04262155529272455 -0.1602479048650903 5.839476834355593e-005 -0.04036570578934463 -0.05859466314904876 -0.02236864055890978 -0.1651370180636963 0.06471092440540563
 0.1522209474570266 0.09356595037787767 -0.1925970351483478 0.1865915579912223 0.1016174624109772 -0.06862038551984281 0.1101887431179568 -0.01564590589647607 0.02910170838578334
 0.2881882402138296 -0.09604393431459757 -0.02042605836918545 0.02197878614735337 0.286486317585087 -0.07316461143190867 0.0609846386581185 0.1706633236265823 -0.1129791797049834
 0.2517141214174303 -0.1255720989003367 0.0502206513323577 -0.05355460125011995 0.2679796063119206 -0.07296454871412733 0.08332251480460466 0.2154690675946841 -0.1537779879679955
 0.2852834681783233 -0.1339411264298418 0.1598663375903633 -0.2352439788252564 0.3632762567058475 -0.07537393351113986 0.1176068626941862 0.3655559092732059 -0.2884334154721183
 0.2312157276155254 -0.01294731727084165 0.2556160732681721 -0.4146857165255707 0.3920046723806966 -0.08236126617031723 0.09139795550858608 0.4492778799871209 -0.4171019830660444
 0.00599596645093678 0.1522668249325845 0.24589212752552 -0.3892141232302697 0.2095105592015109 -0.0975053937497862 0.1141188836645852 0.1958831630753244 -0.2666940305565455
 0.01029034429292098 0.05656411648959289 0.3545220962517818 -0.4127326599938543 0.1463517553425525 -0.1213354761043752 -0.003274017545352472 0.2207868101960153 -0.1985500223530912
 0.05211315825409041 -0.1093019819305922 0.2203124910103063 -0.4413881268385522 0.1129519682497415 -0.1455895592879312 -0.1143402322055254 0.06992027456363363 0.01221965827300177
 0.06521080094112711 0.04441913509701687 0.05290838905402243 -0.1365095397860051 0.07251479592395006 -0.1612970270629714 -0.01669808937476141 0.007932644424733026 0.09875441251050025
 0.1181396963317052 0.1554863989906975 0.05295641449946737 -0.06087656405783276 0.1602438317417202 -0.1456772150890128 -0.004997283926620564 0.06890137382046613 0.09507278350945597
 0.06058755834644118 -0.08952417507636193 -0.05982057462276623 -0.1279883523204153 0.133289176646074 -0.05469225253571543 -0.06364973171384666 -0.1174893814796186 0.1752198571773343
 -0.06614110875306918 0.00767698966568496 -0.09608793630846782 0.06410170119508897 -0.1372526287556677 -0.01338184055912157 -0.0216203769043625 -0.1402631644981082 0.1099610424404057
