# Created by Octave 3.8.2, Sat Oct 25 19:03:08 2014 Central Daylight Time <unknown@MyPC>
# name: ffNN_file
# type: class
# classname: class_ffNN
# length: 7
# name: costFuncType
# type: cell
# rows: 1
# columns: 1
# name: <cell-element>
# type: sq_string
# elements: 1
# length: 4
CE-L





# name: inputDimSizes_perCase
# type: cell
# rows: 1
# columns: 1
# name: <cell-element>
# type: scalar
54





# name: numTransforms
# type: cell
# rows: 1
# columns: 1
# name: <cell-element>
# type: scalar
1





# name: numWeights
# type: cell
# rows: 1
# columns: 1
# name: <cell-element>
# type: scalar
55





# name: transformFuncs
# type: cell
# rows: 1
# columns: 1
# name: <cell-element>
# type: cell
# rows: 1
# columns: 1
# name: <cell-element>
# type: sq_string
# elements: 1
# length: 8
logistic








# name: weightDimSizes
# type: cell
# rows: 1
# columns: 1
# name: <cell-element>
# type: cell
# rows: 1
# columns: 1
# name: <cell-element>
# type: matrix
# rows: 1
# columns: 2
 55 1








# name: weights
# type: cell
# rows: 1
# columns: 1
# name: <cell-element>
# type: cell
# rows: 1
# columns: 1
# name: <cell-element>
# type: matrix
# rows: 55
# columns: 1
 6.450977784606883
 8.998928888111296
 5.010398996436388
 -44.27636084683031
 -13.84121641785637
 -2.757281960696608
 -63.53341424028028
 26.49023187697126
 -1.658886233452249
 -12.37581310314371
 113.9043568788328
 100.1989987977257
 72.58659837931229
 -46.26480148530052
 -66.31758533389939
 83.3714638362125
 -96.34192517384206
 127.2329956597202
 5.134861210233813
 37.92053476411454
 53.72351444455079
 -35.96299844125976
 -209.1975171325518
 -11.98163225539538
 65.43315799933023
 -100.2498892968175
 -12.02405619126156
 69.99760166863499
 92.9174266380513
 50.77461298745266
 -113.574541847917
 -30.22827353785684
 -86.40203225921104
 38.38880876867123
 41.64203529746413
 -9.16818336120523
 -198.2503187677098
 57.26295106742337
 -20.50155738861455
 -151.9883091497669
 -113.9390798615421
 98.77569725006796
 -72.59875586403058
 -4.441619191393734
 -15.77937306015484
 -37.47215382604824
 127.4431020838905
 -65.4379600133265
 33.8373262709669
 -213.0333886257553
 -29.00965291836448
 75.634314053417
 -0.9067333108295295
 -98.70581820271516
 -40.6497433421424










