# Created by Octave 3.8.2, Fri Nov 21 16:16:04 2014 Central Standard Time <unknown@MBALearnsToCode>
# name: ffNN_file
# type: class
# classname: class_ffNN
# length: 10
# name: costFuncType
# type: cell
# rows: 1
# columns: 1
# name: <cell-element>
# type: sq_string
# elements: 1
# length: 4
CE-S





# name: func_convertInput
# type: cell
# rows: 1
# columns: 1
# name: <cell-element>
# type: sq_string
# elements: 1
# length: 17
pokerHands_expand





# name: inputDimSizes_perCase
# type: cell
# rows: 1
# columns: 1
# name: <cell-element>
# type: scalar
85





# name: normalizeDivide
# type: cell
# rows: 1
# columns: 1
# name: <cell-element>
# type: scalar
1





# name: normalizeSubtract
# type: cell
# rows: 1
# columns: 1
# name: <cell-element>
# type: scalar
0





# name: numTransforms
# type: cell
# rows: 1
# columns: 1
# name: <cell-element>
# type: scalar
2





# name: numWeights
# type: cell
# rows: 1
# columns: 1
# name: <cell-element>
# type: scalar
2890





# name: transformFuncs
# type: cell
# rows: 1
# columns: 1
# name: <cell-element>
# type: cell
# rows: 1
# columns: 2
# name: <cell-element>
# type: sq_string
# elements: 1
# length: 4
tanh



# name: <cell-element>
# type: sq_string
# elements: 1
# length: 7
softmax








# name: weightDimSizes
# type: cell
# rows: 1
# columns: 1
# name: <cell-element>
# type: cell
# rows: 1
# columns: 2
# name: <cell-element>
# type: matrix
# rows: 1
# columns: 2
 86 30



# name: <cell-element>
# type: matrix
# rows: 1
# columns: 2
 31 10








# name: weights
# type: cell
# rows: 1
# columns: 1
# name: <cell-element>
# type: cell
# rows: 1
# columns: 2
# name: <cell-element>
# type: matrix
# rows: 86
# columns: 30
 75.66512341296368 45.18704497477064 -22.04375555959792 41.1403929930248 13.9489648663542 -92.244554617361 -58.33742559177435 70.82626244778589 46.34968180469523 -70.96595391593983 -22.9074513535244 -88.94390711983777 -59.71128423078961 -67.80683055558904 -80.12116334517998 63.68075991262816 -65.37856606200639 60.66449139765214 78.2595684673731 -58.37475266916901 49.83943751720118 46.414134348393 -65.5619552289017 -45.94827161383057 -71.79286833726067 -24.52066353329453 21.19798878638597 61.76887085364393 -72.59387026920297 30.9163077114101
 -28.61301360657748 -19.39495631744999 -7.313273476884134 -17.9684284276589 -2.944144658990119 31.66418677012907 23.33988787804141 -24.30617192178594 -20.33513550216917 36.14555968282487 6.977818719741226 17.88773515337298 18.24712835405603 23.6665633073876 35.14034046428502 -22.38661082615517 27.0703871093209 -24.36910310120347 -30.01531608538759 25.20282582895546 -20.92158557503439 -19.31048996016672 28.88293028364588 19.66219495891418 -31.33773151470259 9.321933597142081 -7.021674022374923 -25.41641658923267 26.75525598258524 -12.34736618776972
 -29.13070354386769 -19.12156510785972 19.98895840093577 -18.08418590627401 -3.189938480846572 31.41026629699885 23.19390990118977 -39.53578396257921 -20.1156132446646 27.00024372942206 6.706861245732453 17.77602271673371 -34.6010785857342 23.47707114254086 34.90188472781988 -39.39138191342903 27.07337378115576 -24.20277071314542 -30.08196543083111 27.22490772010981 -20.81989979673167 -20.1515816043277 29.68786845116115 20.30743802562689 27.19855551082483 9.2489885794307 -6.633098699505796 -25.59011626321472 26.56266774641991 -12.07334522337967
 -27.9204063212634 -18.92528953602914 20.1625993593336 -17.51834450272676 -3.158626554641184 30.76440447948963 23.17688067715149 -26.57399026244158 -21.69142128423769 27.22757887004716 6.778324192052095 36.03632296024945 15.22275901742925 23.49814246863146 34.88551235929882 -39.59308120376676 26.68180204541297 -33.26029415691692 -29.1847882255907 24.34923179009247 -21.239034895701 -19.04925605642222 28.59107716035938 19.15177120640929 27.35069014726602 23.98445435544135 -6.879445769695521 -24.54822526513721 26.57624760103452 -11.92839673474967
 -27.66250515920605 -20.55169596394427 21.03153363209546 -17.92025283728568 -2.943903823407502 30.9376014660172 31.02285013362286 -14.95469062127054 -20.17348918169274 26.94037578439006 6.776393685964064 36.75851849610945 -24.0278093280094 23.60537237426723 34.86653118933382 -22.16564889596762 27.15650684561633 -24.33849671270134 -30.86920128385009 27.52185664053993 -21.53191393896316 -18.78200745485731 29.62481467569156 19.35701704547409 27.24422644172073 23.74352534258239 -6.745368675488626 -25.74181174063872 26.57777246463698 -12.00490701737838
 -27.89558866451863 -19.44044636435316 21.18837277269884 -19.0946570236292 -3.067372024621188 31.12661973996339 23.18407685846134 -25.98975546933493 -20.09568902651328 26.97507391225109 6.795630284453005 17.33005756030103 15.12974653883231 23.52830320193189 34.96478613141979 -39.47548359727093 26.81426127715672 -24.23308739866161 -30.10255852922941 24.27998030195982 -21.62269202785192 -18.81728772866323 28.67252002242072 19.11342345021144 27.43724578266855 9.18303228603391 -6.784460959237925 -24.64210250349527 26.51308172828438 -13.39648966046332
 -27.59139726340208 -19.21491071443765 20.1613634994044 -17.82218708101316 -3.045259093867974 31.19120974360195 23.19034828079629 -26.07742861117629 -20.16643814707831 27.00114161645862 6.775812994797013 16.47705433901442 15.18631543317076 45.2110518323574 36.18952957390564 -22.15925217778636 27.98213048971945 -24.27828574199572 -29.18353456171233 24.36110186001735 -21.95274020016365 -20.45090907292071 28.71503362110323 19.29821027589032 27.29491974445046 9.289567491583945 -6.681364749771758 -24.94278978937891 26.67911842147526 -12.02479745601842
 -28.60514006659969 -18.90991525993312 21.77229222284006 -17.70478762289603 -3.115825123930492 31.35412257914013 23.2724916640352 -24.7581389076987 -21.97612072135198 26.85465035665253 6.705984165775239 16.64502012236338 -37.18343800974937 45.25249547752699 34.49540358355095 -22.15162141747628 26.75520557382136 -24.21314704180224 -30.65838623992341 25.61048776712938 -21.12897086473751 -18.75166594767338 29.58689684935923 19.95245905160991 27.39020926969853 9.212781636783099 -6.79876032595063 -37.14189280170405 26.52538096794571 -13.17886777039429
 5.364293887778818 -19.17495097698396 20.00565283796087 -19.02421657059898 -2.980278948385705 30.97050240726625 31.10134350122944 -25.51940894401827 -21.94033947711299 26.94056962393893 6.79736510852721 16.22326044832983 15.06439249629151 23.5107851725665 35.12448268250661 -22.11890842486664 26.88570342398207 -24.26309712408385 -0.5011131640109344 24.25364792840869 -20.62828751746305 -19.87899626193038 28.75033284048325 19.37641334747589 27.44485278411939 9.289679911447841 -6.832588585091981 -24.66512181956157 26.55888455809618 -11.89546221213033
 -29.43349499336915 -19.1927809647042 33.30949843047548 -17.53824200917972 -3.210963647980309 30.60448553091715 31.09762166839434 -26.31547457153822 -20.15759179068407 27.13327232262502 6.713082323892416 16.35023272509026 15.06433223964657 45.26894805323516 34.65883320405696 -39.48347909951718 26.46107436627373 -24.20487946393056 -29.49449205569868 24.34836426599382 -20.60057688770862 -19.19107437420919 28.65041410441457 19.211369983369 27.34143390205832 9.288874315626757 -6.700701308680959 -24.72337757858785 39.37606919297212 -12.55746939173761
 -28.73339612024037 -21.20698599032261 20.08667975489469 -18.18008852674384 -2.660101131365308 30.63802505984892 23.34091654798423 -24.87448531461046 -20.19312666417426 26.95231539473 6.726834077175968 17.24138971776687 15.0461123412613 45.02590790193547 34.62013906313933 -22.17386267096773 26.46712023477624 -33.13984235645705 -30.95621159245348 24.11423991903485 -20.61301794269887 -18.97248235886186 28.64429630456585 20.3079910206604 27.36076989633095 9.30746083807165 -6.871431365024351 -24.64616053216119 26.54291551237519 -12.11488905995411
