# Created by Octave 3.8.2, Mon Nov 17 01:35:01 2014 Central Standard Time <unknown@MBALearnsToCode>
# name: ffNN_file
# type: class
# classname: class_ffNN
# length: 10
# name: costFuncType
# type: cell
# rows: 1
# columns: 1
# name: <cell-element>
# type: sq_string
# elements: 1
# length: 4
CE-S





# name: func_convertInput
# type: cell
# rows: 1
# columns: 1
# name: <cell-element>
# type: sq_string
# elements: 1
# length: 17
pokerHands_expand





# name: inputDimSizes_perCase
# type: cell
# rows: 1
# columns: 1
# name: <cell-element>
# type: scalar
85





# name: normalizeDivide
# type: cell
# rows: 1
# columns: 1
# name: <cell-element>
# type: scalar
1





# name: normalizeSubtract
# type: cell
# rows: 1
# columns: 1
# name: <cell-element>
# type: scalar
0





# name: numTransforms
# type: cell
# rows: 1
# columns: 1
# name: <cell-element>
# type: scalar
2





# name: numWeights
# type: cell
# rows: 1
# columns: 1
# name: <cell-element>
# type: scalar
2890





# name: transformFuncs
# type: cell
# rows: 1
# columns: 1
# name: <cell-element>
# type: cell
# rows: 1
# columns: 2
# name: <cell-element>
# type: sq_string
# elements: 1
# length: 4
tanh



# name: <cell-element>
# type: sq_string
# elements: 1
# length: 7
softmax








# name: weightDimSizes
# type: cell
# rows: 1
# columns: 1
# name: <cell-element>
# type: cell
# rows: 1
# columns: 2
# name: <cell-element>
# type: matrix
# rows: 1
# columns: 2
 86 30



# name: <cell-element>
# type: matrix
# rows: 1
# columns: 2
 31 10








# name: weights
# type: cell
# rows: 1
# columns: 1
# name: <cell-element>
# type: cell
# rows: 1
# columns: 2
# name: <cell-element>
# type: matrix
# rows: 86
# columns: 30
 0.9856887307752679 -1.763613462140541 -1.172807350083495 -2.626315597664105 -0.5052971988654837 1.741435218091356 -1.332154104528062 -0.7324602223581891 -4.149283514725502 0.8767268842111122 -5.976928947642743 1.64793227119046 -0.4844974702461459 -0.7856390892928746 -1.625466403471607 -3.355112605538247 -0.4993845336507057 -1.452280218729121 1.32098669145441 1.080978945767314 0.04738523904597824 -1.121375616867803 -0.3334952226274652 -4.160632782464391 0.9816858059074108 0.004325201034925128 1.154083792072393 -0.4022811879468361 0.1552850115537076 1.066231676887546
 0.1246778515497955 0.721386467329816 -0.2117450294829696 1.475627677913901 0.02814201272919799 -1.394360061440666 0.543122381114573 -0.4351828530601826 4.884015576872622 0.02197505796968895 5.680716272600913 -0.9863539571165943 0.1984950929367146 0.4169267916447099 0.2121400498334454 0.9185264863157514 -0.724458948547115 0.8207397381955542 -0.7771660108772969 -0.4269588533356174 0.7587167070758857 -0.6902248537817433 1.298772159202299 7.608175271272801 -4.34789899921767 0.3901699183936511 -2.328974539489832 -0.4175244686461527 -0.1194420763925386 -5.342712509374923
 0.2320075335222223 1.141613840940816 1.071004897880404 0.43246760111631 -0.5800318422071348 -0.7641995182309652 5.235982505618417 -0.9324418119257215 5.263189551749157 -0.2049329362321471 6.836443782489679 -0.7253262242217038 0.1400255285054257 0.6014082864827596 0.8592234637264191 4.538011181965451 -0.09377264889908389 0.3242813812344204 -1.00881892362929 -0.8435698114318667 0.8037846715754567 0.09605587608366981 0.9799733211626774 1.29705625691787 -3.427173771773143 0.5980620736095622 -2.726565719438523 0.109441918054031 -0.5164382589709973 -4.215680504659376
 0.2192961289783641 0.314683382061551 -0.4847618059305553 4.577632532369342 -0.6471894801833594 -0.1052443644482984 0.3044036908711845 -0.5075274472882901 4.020645932184627 0.3910373325147479 6.723436691570792 -0.8512388173620552 0.7450514700571743 0.6283557532954189 0.471830555201137 5.067034051456745 0.4964852207527535 -0.008240640298968205 -0.9482965375831901 -0.3670970880451141 0.3739840891070971 0.3855291515912138 0.7364652208914721 1.593583535950812 -2.349097492527809 0.2705909533153658 -2.363432597942548 0.1249474093361234 -0.3547659368552015 -2.462677045971047
 -1.756699653552041 0.2921818816728622 -0.3403811602709803 0.6152006486965537 0.07002568361067826 -0.2332654317787359 -0.6886560743618453 -1.108860606630695 2.667623314236234 0.3720989302417547 6.551166525854358 -0.8850360596896147 -0.2727391665049948 -0.08966714139187612 0.8287695899667445 1.693024728065744 -0.6606366838419829 0.4137125108003881 -0.9568924554183821 -0.9114784177672682 0.2253438891464427 -1.399325137778144 0.9547522647878368 1.465898838656305 -1.73478532457649 0.780938797523765 -2.082671672309275 -0.1726944177165866 -0.09164815258346626 -1.856176309414695
 -1.749505253202004 0.5171443952125588 -0.5805642175953172 0.6333535652501766 0.6058212327609377 0.1335454402880041 -0.4778458927906409 -0.3733795213116656 2.073287109763415 0.04301862593803912 6.03269600653903 -1.056857618250662 0.3664178545113209 0.5779513446553248 0.3553613947105571 2.5583277420244 -0.4998276744374824 0.3578397804425473 -1.001913990054186 -0.4263378547911645 0.9807806663710791 -0.797229802800054 0.9922323376959459 1.484335255177279 -2.266559174667496 0.830765307963416 -1.96159760268075 0.5609724553500841 -0.497655597849766 -2.350169405012026
 0.4546842426520204 0.2549990049966894 1.777448867126535 4.592563064113484 -0.3482279081837349 -0.05779123851155878 0.1099049307408315 -0.3005767223102391 0.08132258098347439 0.3236438039636849 4.341066161085402 -1.116918835353663 0.4930193070163509 0.3874586378454954 0.4239147983398632 1.985818173070804 -0.2354260246135115 0.3582584050067155 -0.9913375104260603 0.1939462289281371 1.089243211549461 -0.2427125187769185 0.3800872832863255 1.386796748913888 -1.653165011738828 0.706110057376503 -1.315505090297736 -0.365527795504038 -0.0258948221166963 -1.658925885076945
 0.1447145223005768 0.6824839578882782 2.2822764657437 0.7660851100690445 0.9082903102778819 -0.3810624913005367 0.5207426849426882 -0.6297145813337431 0.1664567215079654 0.6455233744330385 3.602268962694385 -0.9621525015081656 0.3499066838976243 0.702369792283413 0.8715553213907351 4.778174178128251 -1.414324498271829 -0.1165673410864803 -1.616496234110741 -0.4907863599049961 2.352425567444643 -0.1996871294307635 1.166954964507131 1.37680277771155 -1.603057975704353 0.870378017393094 -1.916177848164672 -0.09624594492606338 -0.279100313485353 -1.736873606573803
 0.03752441803485155 1.178433615903469 -0.2767266427389221 1.234723368852766 -0.02129975892647442 -1.984973122927006 0.3653245978491461 -0.1378235635239966 0.7086999503735514 0.4790756461010015 1.737391544721239 -0.9549758038482794 -1.619378844279311e-008 0.6242207599339896 1.096910999332303 5.418421461924696 -1.652320260540861 -0.07787778892689928 -1.697651529090881 -0.3007371856338213 2.245343996853749 -0.7404228995816106 0.9313786947162377 5.262604404440892 -1.577578722176176 0.6345079678341856 -1.274312651579042 0.01174077913627267 -0.1879409496620742 -1.683655474669518
 -0.06317288983828992 0.6894834678042532 -0.3375921015707304 4.767867464479906 -0.09113237729716918 -1.106481341199441 0.1092127027547644 -0.9974795550076203 2.130214449345101 0.3464265428892232 0.5543517513966437 -0.8152568943039173 0.3209313935780643 0.2390988304331902 0.3979429222258137 4.988900111937308 -0.6351541582612268 0.515327169212782 -1.141149844234141 -0.6450047898130492 0.5737134245371318 -1.055685048370758 1.050171036770134 1.394361958379874 -2.100389289185423 0.6957218877847422 -1.349218251859008 -0.4205212030429077 -0.1965732997616091 -2.329605650725858
