# Created by Octave 3.8.2, Fri Nov 21 15:38:15 2014 Central Standard Time <unknown@MBALearnsToCode>
# name: ffNN_file
# type: class
# classname: class_ffNN
# length: 10
# name: costFuncType
# type: cell
# rows: 1
# columns: 1
# name: <cell-element>
# type: sq_string
# elements: 1
# length: 4
CE-S





# name: func_convertInput
# type: cell
# rows: 1
# columns: 1
# name: <cell-element>
# type: sq_string
# elements: 1
# length: 17
pokerHands_expand





# name: inputDimSizes_perCase
# type: cell
# rows: 1
# columns: 1
# name: <cell-element>
# type: scalar
85





# name: normalizeDivide
# type: cell
# rows: 1
# columns: 1
# name: <cell-element>
# type: scalar
1





# name: normalizeSubtract
# type: cell
# rows: 1
# columns: 1
# name: <cell-element>
# type: scalar
0





# name: numTransforms
# type: cell
# rows: 1
# columns: 1
# name: <cell-element>
# type: scalar
2





# name: numWeights
# type: cell
# rows: 1
# columns: 1
# name: <cell-element>
# type: scalar
2890





# name: transformFuncs
# type: cell
# rows: 1
# columns: 1
# name: <cell-element>
# type: cell
# rows: 1
# columns: 2
# name: <cell-element>
# type: sq_string
# elements: 1
# length: 4
tanh



# name: <cell-element>
# type: sq_string
# elements: 1
# length: 7
softmax








# name: weightDimSizes
# type: cell
# rows: 1
# columns: 1
# name: <cell-element>
# type: cell
# rows: 1
# columns: 2
# name: <cell-element>
# type: matrix
# rows: 1
# columns: 2
 86 30



# name: <cell-element>
# type: matrix
# rows: 1
# columns: 2
 31 10








# name: weights
# type: cell
# rows: 1
# columns: 1
# name: <cell-element>
# type: cell
# rows: 1
# columns: 2
# name: <cell-element>
# type: matrix
# rows: 86
# columns: 30
 70.09715512272837 40.42348376757213 -19.64555735118779 36.96738305834847 13.88950536737521 -86.17697471396443 -53.31009758548057 65.64525324346354 41.44903800594187 -66.10714788920326 -21.73478940632194 -86.90341265265104 -53.54214514421022 -62.20294864248947 -73.82196008091758 58.51566140851028 -60.01171429445286 55.25014630759441 73.20432925088841 -53.27705784284108 45.08899572711745 41.68188899063741 -60.17692070695159 -41.51190785282313 -66.68990154023273 -23.94202000481983 20.21823988652784 56.13310025610659 -66.51020527914764 27.18283341558838
 -26.76347784491038 -17.55522383423232 -6.739332071170814 -16.23982214016794 -2.984932507567706 29.30644411211587 21.37546609340403 -23.04345225260133 -18.46190416126565 33.93053871432998 6.643135998049783 17.39801700684504 16.3772196909647 21.75093923496799 32.63309431118471 -20.65844788466502 24.92418290349953 -22.33115414869935 -28.1898007161148 23.2170939426546 -18.96782567546423 -17.53739174830989 26.56396986411401 17.90929432796171 -29.7662453148478 8.979417561049898 -6.717900413502717 -23.18224889674789 24.63057958954809 -11.13347392375974
 -27.40155503047381 -17.31756285381617 18.25787773822516 -16.34190773332034 -3.126873656930157 29.12113018957225 21.23930322913111 -37.69750232947319 -18.16063850156583 25.08524481982267 6.393079183190498 17.16835905568245 -33.65385644790125 21.56019898483132 32.37994401156145 -36.04933899570077 24.89665503905011 -22.16949002059913 -28.38925467824699 25.25556824080391 -18.86386886659945 -18.36836701074598 27.36387133247057 18.50961859645498 25.17424756872552 8.940714987004855 -6.320544381485567 -23.53486923608124 24.46269383488588 -10.87262128541394
 -26.14104532940112 -17.09743997676278 18.60061769935501 -15.80841316803325 -3.197546347930391 28.47051319778092 21.21478801603435 -24.80204799869394 -19.41392991666848 25.33455704155693 6.469632278198588 35.51231971020002 13.62721907055037 21.60338465331461 32.37323117456352 -36.29566727162524 24.49428782939036 -30.64218943247725 -27.58808398184106 22.41252897263525 -19.28289212198241 -17.2731769608399 26.41181321436578 17.4097374415766 25.33686629695304 22.89786542732999 -6.522164143211696 -22.50638684865088 24.43752678166711 -10.74312421666541
 -25.879587143126 -18.72331970444682 18.7882674516164 -16.19019123055812 -2.984198893350603 28.58865425778588 28.53281784415485 -13.85981509149116 -18.20886846483188 25.06985361783009 6.495593103158258 36.38437790468137 -24.32090879133004 21.69550369054996 32.41393346455192 -20.43160465626495 25.01823688184868 -22.28702131846745 -29.17938874436303 25.70515935719505 -19.60609740893834 -17.04105449691023 27.29316113248836 17.62902030758802 25.23140630130935 22.66062857693472 -6.415829613288371 -23.64825525259576 24.44515194780357 -10.81534331585421
 -26.04084832192754 -17.61489853187657 19.34896234122796 -17.39440585897337 -3.077762008285985 28.79637799980644 21.23687181434713 -24.23118358459611 -18.1071586687382 25.14018841637766 6.5585166684025 16.83837057903138 13.61841240108909 21.63115940884638 32.43801429292092 -36.1472819646489 24.65217763696052 -22.19177420612856 -28.41287907560597 22.41123662875107 -19.66142170588968 -17.05106549740203 26.44019644347986 17.35514718075785 25.45210997159667 8.85815946063903 -6.485877082692577 -22.5060724462823 24.3833725322412 -12.20714510966458
 -25.83022381134932 -17.40770351124804 18.67703309377776 -16.10522352527682 -3.048120735337392 28.84034313131384 21.23136421646268 -23.96991939170101 -18.19799984202985 25.16913971981294 6.439195952499101 15.99318916250436 13.63380394241082 41.78584680440862 33.78421007554126 -20.43015725128632 25.85462791413158 -22.24617056248416 -27.5735377095506 22.42913514386765 -19.99177776685085 -18.66901377782647 26.44403993893245 17.58745680503839 25.23326722893853 8.961165582114056 -6.371553456801849 -22.83896366625073 24.54934503021338 -10.84103009034646
 -26.78693029449862 -17.11748991630309 19.98721448011401 -15.99263690101028 -3.240135065505157 29.0699497415104 21.31735675955243 -23.18904953534821 -19.74817010947105 24.99226284033165 6.443903426187015 16.20073061677572 -35.36496200638745 41.77382840276449 31.97897313471474 -20.39611879122328 24.5876701293098 -22.17020147150476 -28.8088726931703 23.76747433362468 -19.1858492192238 -17.01223217656296 27.27472981527898 18.18607717472376 25.34743018873465 8.919454584053138 -6.468427093928286 -33.53229246546386 24.42000766730202 -11.99843919957832
 5.566648891644436 -17.37694015713361 18.4640726815851 -17.25260917462218 -2.921823937591464 28.69398446229055 28.61220347869246 -23.87570907124037 -19.67984347154164 25.05854499113802 6.446315765448731 15.77317041515187 13.52560027737269 21.61704452915014 32.57103052056078 -20.38849564185012 24.70315244733176 -22.20928814807111 -0.4912579183131295 22.3640748111958 -18.67273357672132 -18.18946788742354 26.53231091868306 17.60754671189449 25.38295204779847 8.971192729161322 -6.449834063628041 -22.56806372441758 24.44007479182324 -10.7299806798615
 -27.58443937938903 -17.37712845101846 30.64233894761784 -15.81274523247218 -3.190284971873323 28.30073510847373 28.61259440575463 -24.52527255556015 -18.15922784219073 25.26951000647453 6.374112962000069 15.88080543224307 13.56937443746308 41.83749270691947 32.09849918060533 -36.16740237127652 24.27481683084257 -22.17381079346641 -27.89346764792361 22.44730576312778 -18.64815137162772 -17.4176098579385 26.4182873677924 17.47464384260992 25.29627986592667 8.962476346614363 -6.385287633765719 -22.6587905393957 36.49696063151111 -11.39427451133099
 -27.02064141302601 -19.36903082372597 18.65854206960444 -16.44396807388283 -2.794646113506699 28.36541368292025 21.41293197505058 -23.41923607166598 -18.22859045055174 25.05313280972807 6.423824432250764 16.79152418946459 13.51961496603606 41.57809008137647 32.03843209121536 -20.41254125548044 24.28004537218718 -30.53606132815769 -29.29161819367086 22.26833110257494 -18.65947646773156 -17.2061393989984 26.3979692576553 18.56500254788981 25.31422609918975 8.974005592617004 -6.47683093605998 -22.5985075350198 24.4165184099107 -10.92346155243164
