# Created by Octave 3.8.2, Mon Nov 17 01:50:39 2014 Central Standard Time <unknown@MBALearnsToCode>
# name: ffNN_file
# type: class
# classname: class_ffNN
# length: 10
# name: costFuncType
# type: cell
# rows: 1
# columns: 1
# name: <cell-element>
# type: sq_string
# elements: 1
# length: 4
CE-S





# name: func_convertInput
# type: cell
# rows: 1
# columns: 1
# name: <cell-element>
# type: sq_string
# elements: 1
# length: 17
pokerHands_expand





# name: inputDimSizes_perCase
# type: cell
# rows: 1
# columns: 1
# name: <cell-element>
# type: scalar
85





# name: normalizeDivide
# type: cell
# rows: 1
# columns: 1
# name: <cell-element>
# type: scalar
1





# name: normalizeSubtract
# type: cell
# rows: 1
# columns: 1
# name: <cell-element>
# type: scalar
0





# name: numTransforms
# type: cell
# rows: 1
# columns: 1
# name: <cell-element>
# type: scalar
2





# name: numWeights
# type: cell
# rows: 1
# columns: 1
# name: <cell-element>
# type: scalar
2890





# name: transformFuncs
# type: cell
# rows: 1
# columns: 1
# name: <cell-element>
# type: cell
# rows: 1
# columns: 2
# name: <cell-element>
# type: sq_string
# elements: 1
# length: 4
tanh



# name: <cell-element>
# type: sq_string
# elements: 1
# length: 7
softmax








# name: weightDimSizes
# type: cell
# rows: 1
# columns: 1
# name: <cell-element>
# type: cell
# rows: 1
# columns: 2
# name: <cell-element>
# type: matrix
# rows: 1
# columns: 2
 86 30



# name: <cell-element>
# type: matrix
# rows: 1
# columns: 2
 31 10








# name: weights
# type: cell
# rows: 1
# columns: 1
# name: <cell-element>
# type: cell
# rows: 1
# columns: 2
# name: <cell-element>
# type: matrix
# rows: 86
# columns: 30
 0.01847474727855973 -0.006102056009638448 -0.02199233383890318 0.02141175046938971 0.04385258839324675 -0.007692365667976706 0.01025737867670736 0.01426484803252289 -0.01288675712961998 0.004246177570446435 -0.01483053509293183 -0.02705822329658098 0.01144696934434214 -0.01371953932324659 0.005982237501009177 -0.01024708970235856 0.01561085847582084 -0.008781806585033794 -0.009940813639038594 0.007144078677893216 0.01335514487646565 -0.01131292455096129 0.0144216991397482 -0.01844907431965646 0.0041798259327323 0.02315271765230453 0.002096418177692538 -0.01187382986477569 -0.01086058218909901 -0.01449542835908162
 0.1339497208617634 -0.141375882693506 -0.0983821250291842 0.145873674717095 0.04541866255117062 -0.123870994836566 0.1325293958668717 0.1367896016978277 -0.1458908475939166 0.1528774847469359 -0.1557642265237719 -0.114510321368736 0.1510498555615825 -0.1601989087646523 0.1565276770745606 -0.1452642517293138 0.1273459959972547 -0.1456463276881109 -0.1463864992243462 0.1025754252062803 0.1539803326594387 -0.164379467127231 0.1297980907895823 -0.1371819763005732 0.1667288174124209 0.08977280574749313 -0.1022959437951979 -0.1564033050340826 -0.1478948972442978 -0.1181575258926638
 0.2308267813376744 -0.2183474714054263 -0.1397575685531297 0.2515719855943712 0.09787096207795408 -0.1613491231271455 0.2229592396468761 0.217971952031256 -0.2383530068713703 0.2468061361576119 -0.2825779641847894 -0.202267320676524 0.2559402489200577 -0.2431945821450309 0.2788037449895163 -0.2475209643210051 0.2038721199175017 -0.2435596158045974 -0.2166651405818629 0.1513692194894625 0.2717186953081785 -0.2925813566265266 0.2011545798593519 -0.2299098081137415 0.2960519370022967 0.13404165506296 -0.2041779869670051 -0.2937494053223849 -0.2483333178012115 -0.1850545221596432
 0.3316832015483901 -0.3275179508197257 -0.1993981960165706 0.3441664919058798 0.07127292837794239 -0.2191757876180916 0.3169455852710014 0.3097112134317769 -0.3526389227578202 0.3879991383119856 -0.4037524053462983 -0.2873098854218762 0.3633276289899848 -0.3424346388542569 0.3723733782939407 -0.3522956501535465 0.3264296684895315 -0.3531594673015228 -0.3583601959687176 0.2381839036501601 0.3763143094603303 -0.4139721473108279 0.314937347740896 -0.3177954165863892 0.4183726559567705 0.1893198743731696 -0.3159653558271703 -0.3756377705252598 -0.3725463703325912 -0.2873455456291568
 0.2468959010595846 -0.2197932150426107 -0.1444629935104329 0.2490898783947963 0.06731325520962386 -0.1608771243132818 0.2189570485173639 0.2172274824232772 -0.2377362598207164 0.2585306255686026 -0.2773470747081056 -0.2044500021891536 0.250758163990806 -0.2435661747951915 0.2896663677208092 -0.2403613737852 0.2320541493384259 -0.2501449717086446 -0.247372951193498 0.1699260592707839 0.2729204724793473 -0.2924696238789794 0.2244111267304456 -0.239077481765452 0.2781058905924602 0.1367888902171984 -0.1996766162004888 -0.3056025243179579 -0.2583060071955045 -0.1995574535299101
 0.278784201269514 -0.2799279804978446 -0.2294008250691114 0.2530871672898934 0.05986272560858358 -0.2336972014867528 0.2752476797176464 0.2939834340316625 -0.2732357767279032 0.3111948073296575 -0.3431609070419054 -0.2851537039843874 0.2751993717602243 -0.3132810190039942 0.2368646897619925 -0.3003452184852195 0.2884200865013333 -0.2915295385067134 -0.2934012799110534 0.2295142340530307 0.2818072314362659 -0.3126611367664546 0.2646858217747483 -0.2332252356959743 0.3230253304548982 0.2205862437755639 -0.2767437582970628 -0.2631112241526906 -0.2880394354493918 -0.2751572548874391
 0.3041364953120219 -0.310948543339739 -0.2209574306977291 0.2780002223755664 0.02806725412877979 -0.263242744410444 0.3195861381895361 0.3149823811765702 -0.3166141206229586 0.3562506443700501 -0.3690134943227205 -0.2667012611124698 0.2894045490411471 -0.3399094382480826 0.263753641193761 -0.3375520015607566 0.3004305109627934 -0.325373714504516 -0.3363205086935011 0.2393697606971434 0.3036715494062419 -0.3550177840849679 0.2820006137800378 -0.2473499399832373 0.3844109228407572 0.2019275477716769 -0.279904493192718 -0.3045000266057818 -0.3099265498348875 -0.2886676811132821
 0.3167219302322057 -0.2763601413012342 -0.232085983329658 0.3079556581982811 0.06206495154261308 -0.2360859091108933 0.3018285675074169 0.2891188416782215 -0.3161849586487647 0.3475277516732413 -0.3658948926527132 -0.2829030991190197 0.2889007799843342 -0.300107177646224 0.2807595690304105 -0.3139716673909714 0.3163396384306506 -0.3007975091988389 -0.3193274613869769 0.2399901173495684 0.2966328201726725 -0.3348185291360135 0.2990747748991635 -0.2773331156766455 0.3654250468756674 0.2148681994365911 -0.273456646482296 -0.3003148516624294 -0.3251834148920789 -0.271350954219134
 0.2775904489695948 -0.3041968320774855 -0.2190566793561 0.2547675306207757 0.008801114362192389 -0.2702671509579353 0.3032724375017117 0.285879577400101 -0.2967673686789148 0.3347013361301692 -0.3374027585158036 -0.2612839611854778 0.2654668069854673 -0.3202578791136107 0.2140592408125561 -0.3260136405178854 0.2767490632715309 -0.3049622981914401 -0.3293252140776063 0.244687417731396 0.2523292964938825 -0.2897715023812388 0.2650495705138695 -0.229006502589703 0.3633089740628573 0.2059008169864981 -0.2748487581696787 -0.2394899501524524 -0.2927277075118345 -0.2816864874132721
 0.1006498812772864 -0.1426572671723271 -0.1267456771386614 0.09290827994590518 0.001347886648954613 -0.1561006643663183 0.1241171643884886 0.1596673844342607 -0.1069029889342613 0.1202060652753367 -0.1238268877737227 -0.1068414135739711 0.1227786675458396 -0.1549273035726206 0.08810297637574963 -0.1237936065696754 0.1011576449513771 -0.1379223408078271 -0.1099852772636734 0.1374417625429462 0.1178787109489372 -0.1249902702431607 0.08981957615967093 -0.1019074556258556 0.1186698674847389 0.1096078483514944 -0.1114026552269499 -0.1125398303370883 -0.1065660236298202 -0.1186354398644221
