# Created by Octave 3.8.2, Sat Nov 22 23:07:33 2014 Central Standard Time <unknown@MBALearnsToCode>
# name: ffNN_file
# type: class
# classname: class_ffNN
# length: 10
# name: costFuncType
# type: cell
# rows: 1
# columns: 1
# name: <cell-element>
# type: sq_string
# elements: 1
# length: 4
CE-S





# name: func_convertInput
# type: cell
# rows: 1
# columns: 1
# name: <cell-element>
# type: sq_string
# elements: 1
# length: 17
pokerHands_expand





# name: inputDimSizes_perCase
# type: cell
# rows: 1
# columns: 1
# name: <cell-element>
# type: scalar
85





# name: normalizeDivide
# type: cell
# rows: 1
# columns: 1
# name: <cell-element>
# type: scalar
1





# name: normalizeSubtract
# type: cell
# rows: 1
# columns: 1
# name: <cell-element>
# type: scalar
0





# name: numTransforms
# type: cell
# rows: 1
# columns: 1
# name: <cell-element>
# type: scalar
2





# name: numWeights
# type: cell
# rows: 1
# columns: 1
# name: <cell-element>
# type: scalar
2890





# name: transformFuncs
# type: cell
# rows: 1
# columns: 1
# name: <cell-element>
# type: cell
# rows: 1
# columns: 2
# name: <cell-element>
# type: sq_string
# elements: 1
# length: 4
tanh



# name: <cell-element>
# type: sq_string
# elements: 1
# length: 7
softmax








# name: weightDimSizes
# type: cell
# rows: 1
# columns: 1
# name: <cell-element>
# type: cell
# rows: 1
# columns: 2
# name: <cell-element>
# type: matrix
# rows: 1
# columns: 2
 86 30



# name: <cell-element>
# type: matrix
# rows: 1
# columns: 2
 31 10








# name: weights
# type: cell
# rows: 1
# columns: 1
# name: <cell-element>
# type: cell
# rows: 1
# columns: 2
# name: <cell-element>
# type: matrix
# rows: 86
# columns: 30
 9.095436658475847 6.170164730797243 5.305588356548256 -3.40269869526986 -4.793009577263776 -22.38372615675448 -0.7076450185160773 -6.242004046837905 -8.661357244381014 -6.495021476870982 -4.48735697536683 3.470119271857387 5.171610334102278 -5.842287594055519 0.2756600938269023 2.984691037521876 -2.905694230203661 -6.690306469366194 3.579217218489742 -4.614053822910532 -6.689053387792074 0.3588736199038677 -4.080415028292959 -1.446025383807604 3.023521076817004 -4.938114843538314 5.411125620853953 -2.314409396702188 4.689437230639111 -2.753959509145364
 -2.718885318402755 -1.723113437476795 -1.632409369861222 0.05906293119093079 1.815510943321728 14.01660530151803 -1.103383067481564 1.038439197668588 3.155928985633 6.459628382715005 1.031455712926796 -11.83169080037663 -1.610864171375389 8.772878467891873 -2.265431042075272 -0.5110222577160708 9.657470554407904 3.452263514656089 -0.2009218695685368 0.1672005602141084 2.159525626828767 1.475271727885963 5.7327317620829 -0.8629103293871973 -1.091560712616775 1.23551079889285 -1.583387069551837 1.424724202250026 -1.869938013470452 11.5226654674053
 -0.6264564735147125 -1.835133799517068 -1.817173215788086 1.267976056576264 3.306475958975337 14.13982972780313 -0.7837934807658353 1.437843324919533 15.42422060688059 6.689747293021237 1.400236321775435 -4.134971694891452 -0.8384375644449802 2.004281718942108 -2.23125819405118 -0.4250943554975353 0.693597058019729 3.463351943957251 -1.227150843477677 1.675999020984958 1.634100857706039 1.266058574030557 1.142842682512645 -0.9698697048058558 -12.29702510116851 0.866151605974893 -1.721973662067811 1.558226904093525 -6.301047473529197 -0.309137145443811
 -3.097365667431722 -0.6921744614516547 -6.467653862097408 1.059925690306157 2.868751861055573 13.37522744733889 -0.9062610055981443 1.694858083524466 3.066472256244591 6.482155308516379 1.626011474906316 -1.531203617372253 -1.708445576178971 1.877392521214585 -2.146860052686323 0.7637146301626334 0.9037383921858315 2.981284011846899 -0.375968205978153 0.1068153065881563 2.665702825112756 1.692405352476394 1.107563410055182 -0.09355419299139502 -0.9497958461411113 1.110371120811894 -1.962522270720361 19.94405797724254 -1.685477048502849 0.08663670736900993
 -2.674135315945447 -3.018661958698387 -16.66404549409979 1.008084091310684 2.469360782428101 14.18539429622423 -1.213857730028625 0.3627265522864218 2.739003281386664 6.967347411598147 1.499170248744828 -1.984813291940456 -1.508672059293932 2.023181018632534 -3.087056259452996 -7.302663445651024 0.1576896251088346 3.446985296372932 -0.0557859650914438 1.66986830614273 3.200297883842242 2.074851152519121 1.11835415225333 6.485808842628493 -0.1564895966617278 2.034256935871755 -1.658974779137609 -1.383418017288527 -1.048909055193313 -0.1816578505288349
 -2.386735846251003 -1.866370293738031 -1.379549912955839 1.446300159881262 3.544294494265524 13.93649699311512 -1.122247874820024 1.377715514004763 2.838060965698502 6.570041749698357 16.09771300708715 -3.509858730492177 -1.812072556046608 2.37222986287507 -2.539632693966373 -0.445332028769776 1.088574954174014 3.099821691078674 -18.21613809665559 2.213227061356691 24.95851106608696 1.903965519894504 1.154833783659115 -0.7182110043990707 -0.2037000982212832 0.9395558277537314 -1.86466833056312 1.249743093937756 -0.9930658216907963 -0.1057837220438114
 -2.366360916046653 -2.208536143582685 -1.527458310921106 0.9393121552318597 1.933049674391686 13.8311987459941 -1.171525771679197 1.431874965350977 6.133178269247501 6.758880470050247 1.086630519548631 -1.203922639440111 -0.8290007407912204 1.847474086144784 -2.631628904215949 -0.1277618163129981 -0.1431181964075319 -0.1495996547114299 0.04947244393178016 10.32457497482399 7.285500334253463 1.617307057513453 0.9336342748470429 -1.199937888031622 -0.3484247268461613 1.304821998563049 -1.712148035178368 0.8548197938149326 -1.767121100331626 0.2509507231983022
 -2.287547089897743 -1.287455516026593 -1.770896546623078 -0.3246295543307984 6.698994441578376 14.20733748572046 -0.9398474822475026 1.579216111974057 2.326748137370238 6.485339730290695 1.163715351522136 -1.669952924658529 -9.493157590246861 2.354858754457614 -1.871803084991117 1.035363959615551 -1.626546422945206 2.60287178901029 -1.318031224692746 0.5716965865971448 2.888569133391946 1.148008998078888 0.9005687295294671 -0.8114379033976271 -0.3290663857651682 2.192319446163108 -6.184009938575294 1.462249900545612 -0.4872249475915109 -0.3319897308686778
 -2.820594218088454 -1.973539661526907 -1.382267399529569 24.33409307440464 3.920594051649227 14.08697502147904 -0.7488899029016028 0.8601356913125945 2.533347734417259 7.15482227588966 1.019359999197358 -1.086099065470139 -1.605302017479486 1.297539605654828 -2.209908894212143 0.8882757866227768 1.648248132050259 2.826079181253039 0.1409566739465457 0.974929090677331 2.882023992739144 1.461079020594871 1.790044217929528 -0.896483656740327 -0.7909276942338904 23.14554115973213 -1.737824663130056 1.065798563349869 -0.915676162369147 6.183023796561803
 -3.279961050367876 -2.046332474712396 -1.308982283181806 -0.1032963809957161 1.042539123015715 14.10615327231742 -0.9054606770494277 1.026588520513778 2.985709981407084 6.46638701862663 1.399200431268601 -1.910422208372496 0.6362332550209487 1.983346339763072 -2.701258002279915 -14.03980038289379 0.7140421419797333 3.411117047210583 -0.9468618447694189 0.3739433971557216 3.338766480199392 1.593359603180531 0.874481449998292 0.4621438714804942 -0.8030156702020703 6.463487345882744 -23.49922962258476 1.256080045071119 -0.7960129657688834 1.315770774610312
 -6.721429132275349 -1.908647013997512 -1.936765845600331 0.9643218969438991 1.306578522942694 13.82634537020831 -0.9075516275692767 1.55141259118309 2.705317878186829 6.143343677000633 -1.050279468296595 -1.348876342540762 -7.939675635303625 2.45890635838786 -2.267992586316386 -0.01947057898014852 0.7427164564235005 2.893156116717864 -5.803492661310859 0.3693341916171464 1.012307086012812 1.376167917933537 0.9328958956821348 -1.028871496428537 -1.300703982291548 1.156600074041738 -2.724093286742596 1.208134575995848 -24.77939819989488 -0.1624611181944207
