# Created by Octave 3.8.2, Sun Nov 23 16:54:35 2014 Central Standard Time <unknown@MBALearnsToCode>
# name: ffNN_file
# type: class
# classname: class_ffNN
# length: 10
# name: costFuncType
# type: cell
# rows: 1
# columns: 1
# name: <cell-element>
# type: sq_string
# elements: 1
# length: 4
CE-S





# name: func_convertInput
# type: cell
# rows: 1
# columns: 1
# name: <cell-element>
# type: sq_string
# elements: 1
# length: 17
pokerHands_expand





# name: inputDimSizes_perCase
# type: cell
# rows: 1
# columns: 1
# name: <cell-element>
# type: scalar
85





# name: normalizeDivide
# type: cell
# rows: 1
# columns: 1
# name: <cell-element>
# type: scalar
1





# name: normalizeSubtract
# type: cell
# rows: 1
# columns: 1
# name: <cell-element>
# type: scalar
0





# name: numTransforms
# type: cell
# rows: 1
# columns: 1
# name: <cell-element>
# type: scalar
2





# name: numWeights
# type: cell
# rows: 1
# columns: 1
# name: <cell-element>
# type: scalar
2890





# name: transformFuncs
# type: cell
# rows: 1
# columns: 1
# name: <cell-element>
# type: cell
# rows: 1
# columns: 2
# name: <cell-element>
# type: sq_string
# elements: 1
# length: 4
tanh



# name: <cell-element>
# type: sq_string
# elements: 1
# length: 7
softmax








# name: weightDimSizes
# type: cell
# rows: 1
# columns: 1
# name: <cell-element>
# type: cell
# rows: 1
# columns: 2
# name: <cell-element>
# type: matrix
# rows: 1
# columns: 2
 86 30



# name: <cell-element>
# type: matrix
# rows: 1
# columns: 2
 31 10








# name: weights
# type: cell
# rows: 1
# columns: 1
# name: <cell-element>
# type: cell
# rows: 1
# columns: 2
# name: <cell-element>
# type: matrix
# rows: 86
# columns: 30
 8.779618512397589 7.700311123354361 0.09115743750428133 -8.788153045832825 4.690921117250023 3.790992499118816 0.04284322611709439 9.038442915097214 -14.70550803014505 8.79584589922549 -9.253819483007852 -7.604387434171839 -12.95614203533811 -14.51602861023718 -5.877061771181798 5.500499959578062 -8.570730055216915 -8.706044801016763 4.28116522195927 -3.460001040574654 -6.70237535948031 5.393626341077297 -7.71366606471164 9.958374548938922 -6.254446793850153 -4.541020888772533 -2.383612353735584 7.057247254118916 -3.596322446897835 -10.71678633219873
 -2.683768122449625 -2.37739619437753 -1.375886709348979 26.81716217441785 -1.11295615263172 -1.259241326257583 -1.550262029830953 -2.841301030036562 3.582459615670065 -3.141203628547641 2.443490339928175 2.321451064264894 4.153908945944797 10.7256820091812 4.570501223160873 -2.529940500089392 2.758372292087961 -4.579567284495215 -0.8047189068660295 0.9016169611771522 2.513996851828018 -1.418759343997704 2.58833366916002 -3.740977344392487 1.558189061514501 1.901758383975425 0.0005267029901979187 -2.918842102446356 10.10288578801329 3.728112815012479
 -2.975060312700714 -2.400351430403332 -2.676134576530083 3.252336196495318 -1.284227940396648 -0.9480577808215402 -1.92549191583735 -3.22840931945542 3.628774852719975 -2.836376637702799 8.713760051494596 7.626817317810284 3.510809599577512 3.465029103659566 0.8248629030831346 -2.387160098572506 1.671249048831354 -8.138017895205481 -1.22398129323392 1.194863938481508 2.728538584213908 -1.568321316815704 2.918164787797651 -13.67174095086955 2.075790469785437 1.178572365610925 0.2114988432766166 -10.47828609621907 8.938797815753139 5.18157519186965
 -2.590595444608569 -5.957695142833888 -2.570257655557563 3.245136804791522 -1.464348310389771 -21.62521826809978 -2.100455437645764 -3.226943341447758 3.629710637120016 -3.311360268503941 3.710917337750082 2.692446344388405 4.3992591350113 3.075803193564365 0.5932163153955622 -5.572889542355003 27.15052658123709 -6.836196803096372 -0.8730828879867772 0.9740107433564921 2.663351812896866 -1.326813204511488 2.880546341844144 -13.92860618453126 2.011400874412431 0.8267573651103775 5.004294810799746 -2.799375958917281 8.669286764666563 3.300944359164187
 -14.49114640160955 -2.469226183475204 -2.183800711182529 2.331154075665987 -1.789125617986926 -0.6184514740330855 -1.997990893919878 -2.752099347817425 3.912900137962513 -2.540172122015709 2.281466583406919 2.152625122061823 3.549502379704547 4.959226672402671 0.4990306942201956 -2.648788548438742 6.831283653594696 -3.068860004931891 -1.140671790300628 1.067902236706555 2.790741101349338 -1.94863160311073 -1.386627415795623 -1.806115210646435 1.45543613230963 1.282774251586905 4.753886932123507 -3.043333042224146 9.673593497477324 5.203797225450687
 -2.735516745927694 -2.588923198309072 -1.844457459859509 2.86660040755805 -1.195008682811115 -0.9887906020557096 -1.609560405539953 -2.800928401591391 8.729744972814823 -3.189098179777562 2.517245911079745 2.44575601311992 3.811482981343056 3.07472072824156 4.612944055200193 -2.549909002891481 2.837688929040648 5.76925373723611 -1.297995683885761 0.6738725977571618 -0.06955171938134061 -4.878518419116793 2.561584072365259 -3.689418563471848 1.663846759116782 1.101661059077975 -0.3298289775924594 -2.987163233330485 9.818222504107938 3.668788374780655
 -3.216240714652593 -18.97028008245977 -2.197837059017961 3.332359781026622 -5.551466153214182 -0.9035929067127865 -1.837232410286212 -3.339431303198498 5.428243057754101 -3.288422836441057 2.349279006372256 0.5535115514789695 8.44820423935999 5.19852223462654 1.030117259326991 -3.914642078468963 2.073097373448215 -6.92058701000783 -1.070832538377804 0.7499362818577199 2.199406715597614 -1.023135348370713 2.964644779815575 -3.260155526590278 2.144717621754634 2.308049118845667 0.2002868172839781 -2.256746071420232 9.66315913515866 5.422417379723794
 -2.540499088294668 -2.382826168737239 -1.352940234011508 2.965544159883327 -1.529078580350583 -3.114028429188053 -1.373624095912793 -2.963937420828931 9.391700925258251 -23.02803189370228 2.250861918719126 2.398202679583375 3.763812043110438 3.057064783796957 4.865375945752051 -2.832985459356279 2.445729855761595 -7.216235775362895 -0.829347615605202 0.7450175000519963 2.857621784011131 -1.46153252338484 2.818228774039173 -3.347682498507537 1.731463139340459 1.056300552476818 -0.8457393646442062 -2.827750363920762 10.14286369617055 4.110272647975127
 -2.732044803351465 -2.282053247987974 -1.542869825300881 2.898955269925911 -0.983685652553276 -0.9670448847355292 -1.288903829431677 -24.39235126129428 9.124137610738297 -3.152115516734952 2.385043319425211 2.329022096091031 4.313874015440062 3.202636373903553 0.6901569027802094 -2.743386283005867 2.747715300464694 -6.987616554210227 -0.9487767715442055 -0.05235248857378703 2.887134885865449 -1.457817129514248 2.564317337527262 -3.445275085857513 1.697810955264991 1.860392953979461 4.987084739399076 -2.949620015670483 10.00235095712942 3.783630900344229
 -5.735907744286905 -2.152211998156639 -1.11284080878783 3.404920779635722 -1.285771407196161 -0.7525448975398243 -1.497523883257686 -3.29163471735859 4.241313958274771 -3.451067335243549 2.743978535672102 9.26090647000427 26.4403016465367 3.484884210104126 0.4161416236497806 -3.351981929984339 3.618664158407856 -7.584948823975578 -0.9217786479083 0.8898898050183414 2.989092058613203 -1.290572396486082 2.939143983538105 -2.854537544470633 2.187775028614537 1.160134675065019 4.140612315210431 -2.569982125479317 8.287155145510246 2.618162148870377
 -3.068571210504512 -5.392797852640721 -1.319489865348835 3.07029315566526 -1.469137652230422 -0.9577305827897683 -1.31603903811807 -3.093315927770505 5.33799472832653 -2.906481494621546 2.167078806943047 2.508524745175239 4.538407568248002 5.094665988266978 0.5059311464543687 -2.317554244837706 2.389087608998947 -7.287641504808432 -2.786613514128268 1.77088426897812 9.611287917863852 -20.43511585926324 2.823008516871835 -3.401540098669718 1.835683258042303 1.763024765875898 0.1068540441734862 -2.779447853856429 9.712433795275105 3.441454738199428
