# Created by Octave 3.8.2, Sun Nov 16 22:18:36 2014 Central Standard Time <unknown@MBALearnsToCode>
# name: ffNN_file
# type: class
# classname: class_ffNN
# length: 10
# name: costFuncType
# type: cell
# rows: 1
# columns: 1
# name: <cell-element>
# type: sq_string
# elements: 1
# length: 4
CE-L





# name: func_convertInput
# type: cell
# rows: 1
# columns: 1
# name: <cell-element>
# type: sq_string
# elements: 1
# length: 4
self





# name: inputDimSizes_perCase
# type: cell
# rows: 1
# columns: 1
# name: <cell-element>
# type: scalar
256





# name: normalizeDivide
# type: cell
# rows: 1
# columns: 1
# name: <cell-element>
# type: scalar
1





# name: normalizeSubtract
# type: cell
# rows: 1
# columns: 1
# name: <cell-element>
# type: scalar
0





# name: numTransforms
# type: cell
# rows: 1
# columns: 1
# name: <cell-element>
# type: scalar
2





# name: numWeights
# type: cell
# rows: 1
# columns: 1
# name: <cell-element>
# type: scalar
2323





# name: transformFuncs
# type: cell
# rows: 1
# columns: 1
# name: <cell-element>
# type: cell
# rows: 1
# columns: 2
# name: <cell-element>
# type: sq_string
# elements: 1
# length: 4
tanh



# name: <cell-element>
# type: sq_string
# elements: 1
# length: 8
logistic








# name: weightDimSizes
# type: cell
# rows: 1
# columns: 1
# name: <cell-element>
# type: cell
# rows: 1
# columns: 2
# name: <cell-element>
# type: matrix
# rows: 1
# columns: 2
 257 9



# name: <cell-element>
# type: matrix
# rows: 1
# columns: 2
 10 1








# name: weights
# type: cell
# rows: 1
# columns: 1
# name: <cell-element>
# type: cell
# rows: 1
# columns: 2
# name: <cell-element>
# type: matrix
# rows: 257
# columns: 9
 0.4104701281235622 1.15097881597091 -0.5409144154968745 -0.982441577057581 -0.8797530152052272 -1.365812807834833 -0.3561598844077035 -0.1444905418135378 -0.6897513503052999
 -0.0123427600081383 0.03773685382168022 0.02882607949950948 -0.02300635477296572 0.03114186932353299 -0.02661746775106846 0.02435676953599132 -0.003516895698319952 0.008909254372159612
 -0.03284465097807487 0.07442006863350871 0.06444391049629937 -0.04834801236651746 0.07931611112852799 -0.05276358403870528 0.05847391344819245 -0.005056742733543645 0.04933699150507875
 -0.05915473339964371 0.08875750086830837 0.06256573195152272 -0.04307256154869899 0.08858608148329028 -0.07321972989582078 0.05246557418067321 -0.003942210258843088 0.08152930999922736
 -0.03050752122133726 0.1210440146227929 0.0117848288845415 -0.07954062481972915 0.01930778780970037 -0.09802392648133988 0.01194693813318847 -0.006840055759813587 0.01600317936599039
 -0.01480890887003896 0.04506208288677057 -0.02277319816389985 -0.08982211854762429 -0.005533886687883964 -0.06103012218015567 -0.01910346142380998 -0.009387101082452743 0.03513235349345331
 -0.01278691936833554 -0.09419120335830197 -0.06006206191421294 -0.1857736110932815 -0.01256768954838189 -0.05132093972116053 -0.05777189498948376 -0.008617115587213503 0.08195758833565674
 -0.03127179531285073 -0.1669702968021384 -0.03902047969179794 -0.1059058895981675 -0.01134219492426408 0.02194091289060704 -0.05192428019035333 -0.006899596492483038 0.101126216026953
 -0.05763650558768078 -0.294892779628766 0.008533167431777174 0.02198785869351209 0.02670488146593554 0.1474786471510633 -0.02913846457278497 -0.0007437794053090906 0.1577521860222247
 -0.07849870673344665 -0.1805707887411236 0.02063736741729293 0.1411067948372962 -0.02223077577160828 0.1533579599601329 -0.02689197798088007 0.004732313323341414 0.1320819193082696
 -0.08029140665064721 -0.1150511236976492 0.09015099459404473 0.1643644490388887 -0.02143827647028745 0.1511694768706612 0.0316151013677023 0.01071837476315045 0.06464860993331682
 -0.04150343477425068 0.07690473235524865 0.08612590827925408 -0.02235716201583595 -0.1493108898978371 0.002722893891884745 0.1047199143404974 0.01528889035306068 -0.08002064214177518
 -0.01612983315666097 0.06223411256317422 0.1320272353488842 -0.08758114752366741 -0.04030290165390406 0.07059596036450942 0.1880595422980328 0.01670796003811467 -0.1019714517330968
 -0.001910128427016403 -0.06152645993961838 0.06637601672338998 0.05530563514390676 -0.0510352933184744 0.0787428505269655 0.1244008470539968 0.01128195099887317 -0.01532628443160076
 0.02633396345337103 -0.3835370557536598 0.2067559313219287 0.2592830222065614 0.1952059419810145 0.177012331530953 0.1642901279204761 0.001298412705456646 0.2567807375347298
 0.08512572158290815 -0.1402773184016273 0.1184252673934134 -0.07142348194406491 0.1104353020138757 -0.1222528552570576 0.09108029898696979 -0.01948830964648893 0.1155381132860849
 0.04257620189858922 0.05258265864462015 -0.01855971787360417 -0.08986343730604486 -0.02434111293481506 -0.1218981487860645 -0.01578396148649422 -0.01549278508005855 -0.02375726046949688
 -0.03384442040563203 0.1178293818390789 0.009246638405251627 -0.08306101279783759 0.04149086587151967 -0.1020697426459643 0.009006421088843128 -0.00854761356372905 0.03296229247419896
 -0.05193009747045287 0.253527006320818 0.01760260190414783 -0.1895318739789446 0.06051869926516006 -0.2020769920309972 0.009598712223743432 -0.02033365050638911 0.06178165713563141
 -0.1245533625818152 0.1701232840804087 0.081933531264725 -0.1179148821297039 0.1388930246355718 -0.09617658437223724 0.04748374107535754 -0.01689052198273921 0.2132127372470735
 -0.1158539389401928 0.07100280232998721 0.1049747240443012 -0.106066522360512 0.1270097986183549 -0.115718290705631 0.06006238712287527 -0.01813061204624297 0.2671325151850537
 -0.09238858846178058 0.001062076944814414 0.02105908067311657 -0.1701195703895761 0.07457712267320615 -0.18354654895133 -0.00936437718176065 -0.02149147504689621 0.2504818340093057
 -0.04367025547373243 -0.1229113935406119 -0.1054876854629017 -0.1690505675469564 -0.05080820327076536 -0.1069330697053175 -0.1428157722510282 -0.02570555504829391 0.1925033115926486
 -0.1186083612519167 -0.2765071993381724 0.003342485390138594 -0.003942864494883013 0.03424487277467338 0.06457336182934144 -0.09247157959289991 -0.01209165396997948 0.3001511239843757
 -0.131890782759132 -0.2733904080602553 0.07073592633358965 0.05399432936133935 0.02203977066734488 0.1508291147756733 -0.0511301888782068 -0.003086760286888621 0.2435739092823243
 -0.1306480705522475 -0.3192977847471661 0.1844256620379386 0.1874808920745505 0.02138797218814269 0.3420904374785277 0.01959678253517805 0.006887201630043628 0.2954428546355851
 -0.1268665817966046 -0.3849414389845603 0.2507017638358926 0.300711842313553 -0.03936826760487461 0.5176659352003051 0.1278213885163506 0.02393462746575043 0.197521270422963
 -0.05859703703317819 -0.2020980675691166 0.1721589291435092 0.1729970975402247 -0.12556243634855 0.2272025468674031 0.114300983856194 0.02047228534913958 0.02777075277346694
 -0.001276740831731723 -0.1717923682394385 0.1977820494591671 0.2658371104836866 -0.04504762233929291 0.1913093415497734 0.2128193708278791 0.01401248664224264 0.07322408727609626
 0.1068288759870035 -0.1164310154217168 0.2856888321126704 0.1484721289070208 0.1064969464652287 0.07904146742185966 0.3267737312862102 -0.01206307832221367 0.088949067081145
 0.1523616425947406 -0.08889440693737943 0.1187419615384186 -0.01495749599701173 -0.01552692569868187 0.05343086424466494 0.1581113223022224 -0.0280615578998819 0.005119428665034007
 0.1628201741827144 -0.224099215946659 -0.003593816769126623 0.02261818461806224 -0.08153653543157158 0.05450123244686451 -0.00332210774107745 -0.0355276414948115 0.03020163489086227
 0.09245674482919514 -0.1499594755923115 0.1037589723526581 -0.07312685429898355 0.1160871890065291 -0.09194392792189134 0.07207142911859091 -0.02590918467225552 0.09927919701796505
 -0.002927156342185387 0.13852334627061 -0.04356462362382522 -0.1028410922944771 -0.02981565295053167 -0.1284824431331675 -0.0255491898582086 -0.013728749132661 -0.007790345607473881
