# Created by Octave 3.8.2, Tue Oct 28 12:45:44 2014 Central Daylight Time <unknown@MyPC>
# name: ffNN_file
# type: class
# classname: class_ffNN
# length: 9
# name: costFuncType
# type: cell
# rows: 1
# columns: 1
# name: <cell-element>
# type: sq_string
# elements: 1
# length: 4
CE-L





# name: inputDimSizes_perCase
# type: cell
# rows: 1
# columns: 1
# name: <cell-element>
# type: scalar
54





# name: normalizeDivide
# type: cell
# rows: 1
# columns: 1
# name: <cell-element>
# type: scalar
1





# name: normalizeSubtract
# type: cell
# rows: 1
# columns: 1
# name: <cell-element>
# type: scalar
0





# name: numTransforms
# type: cell
# rows: 1
# columns: 1
# name: <cell-element>
# type: scalar
1





# name: numWeights
# type: cell
# rows: 1
# columns: 1
# name: <cell-element>
# type: scalar
55





# name: transformFuncs
# type: cell
# rows: 1
# columns: 1
# name: <cell-element>
# type: cell
# rows: 1
# columns: 1
# name: <cell-element>
# type: sq_string
# elements: 1
# length: 8
logistic








# name: weightDimSizes
# type: cell
# rows: 1
# columns: 1
# name: <cell-element>
# type: cell
# rows: 1
# columns: 1
# name: <cell-element>
# type: matrix
# rows: 1
# columns: 2
 55 1








# name: weights
# type: cell
# rows: 1
# columns: 1
# name: <cell-element>
# type: cell
# rows: 1
# columns: 1
# name: <cell-element>
# type: matrix
# rows: 55
# columns: 1
 7.36263485665818
 12.08694794611113
 6.23186839883836
 -52.1452847592058
 -14.01092119349628
 -2.445986778076755
 -79.919760211967
 26.0773625912687
 -19.41244886034342
 -18.09708271016251
 134.7341847823052
 126.4428202300744
 92.06326008366852
 -60.47675010955676
 -86.65172787531577
 90.60902708507844
 -111.8193455240647
 205.5453395503744
 9.047890589580339
 64.9857043987365
 70.97134434519072
 -34.88401843118509
 -288.8265413740896
 -29.60120146514671
 88.25484529925417
 -122.1278324339863
 -25.42060339200731
 101.3133128200071
 132.129107895243
 70.03859092752757
 -133.1026111359806
 -27.78491107485365
 -159.2725795317087
 72.07217080004432
 82.15021465013254
 -23.3704123198178
 -253.4446073641428
 91.80180239841368
 -22.60365603481066
 -215.9389743634851
 -163.7123393765499
 123.326302404781
 -87.02761765700834
 2.35844128452772
 -21.25922427037821
 -46.07169141630386
 164.1873901102087
 -55.14780689387986
 54.99096193350731
 -325.1879361003679
 -31.6107505371895
 93.93461162381114
 9.840952124593473
 -131.4552124274877
 -46.45860375976305










